100
0.193498
0.199186
0.643877
0.133057
0.741737
0.237507
0.575875
0.339010
0.418812
0.301778
0.526489
0.541487
0.124517
0.527484
0.444546
0.798464
0.611634
0.556988
0.836228
0.721186
0.716417
0.967400
0.159556
0.922438
0.066627
0.020263
0.767319
0.453469
0.443391
0.333953
0.996495
0.636888
0.533139
0.640372
0.769946
0.274875
0.877879
0.345821
0.613885
0.296691
0.647600
0.140374
0.838178
0.772117
0.667859
0.282724
0.570581
0.279493
0.839712
0.406810
0.000679
0.556129
0.374210
0.160235
0.478568
0.440837
0.180498
0.245887
0.894306
0.623889
0.579840
0.890801
0.260777
0.112978
0.531173
0.030723
0.387854
0.409052
0.376544
0.001739
0.705743
0.024144
0.142113
0.543922
0.796261
0.809972
0.826646
0.366842
0.089465
0.666358
0.773652
0.090143
0.222488
0.147862
0.250378
0.701056
0.588699
0.430876
0.946943
0.483005
0.054765
0.526783
0.373806
0.315542
0.639762
0.904979
0.346264
0.027616
0.314031
0.722808
0.029355
0.019775
0.746952
0.171468
0.563696
0.543213
0.981439
0.390342
0.910055
0.070904
0.056701
0.683707
0.161047
0.279189
0.831569
0.411425
0.980245
0.420268
0.842301
0.927188
0.903273
0.897066
0.453971
0.277080
0.212607
0.093733
0.182059
0.558872
0.121348
0.496090
0.281680
0.150703
0.515865
0.028632
0.322170
0.079561
0.571844
0.303610
0.469903
0.481899
0.374514
0.526604
0.165606
0.535561
0.805793
0.997175
0.946986
0.786037
0.417443
0.789288
0.713225
0.320717
0.686353
0.167196
0.597796
0.898961
0.260928
0.779855
0.457832
0.382277
0.275945
0.739512
0.532979
0.791810
0.768144
0.855150
0.871371
0.339988
0.158760
0.341274
0.821887
0.533274
0.867878
0.987494
0.068835
0.673670
0.984669
0.015821
0.459708
0.402112
0.805109
0.172932
0.722828
0.491462
0.340128
0.320624
0.390423
0.601057
0.100479
0.848255
0.983333
0.376425
0.587767
0.516313
0.168234
0.355911
0.371463
0.039605
0.695899
0.530222
0.380879
0.517787
0.063496
0.248757
0.505280
0.132331
0.922427
0.489949
0.148152
0.382135
0.892061
0.953260
0.555067
0.614889
0.444723
0.895196
0.935514
0.835146
0.496252
0.035993
0.683401
0.479585
0.412418
0.271168
0.995898
0.580652
0.627079
0.367361
0.620257
0.322978
0.897583
0.001136
0.840765
0.961079
0.249893
0.346045
0.093410
0.172321
0.835994
0.241561
0.554456
0.728054
0.194822
0.109523
0.342943
0.639544
0.004719
0.278457
0.474690
0.500971
0.314450
0.158091
0.980556
0.726867
0.429259
0.976455
0.307519
0.056338
0.343815
0.927776
0.379316
0.241399
0.928912
0.220081
0.202478
0.178806
0.566126
0.295888
0.351126
0.402119
0.537449
0.905582
0.130174
0.732271
0.015105
0.473117
0.371815
0.019823
0.751574
0.846505
0.520794
0.066023
0.004596
0.501351
0.792891
0.433855
0.477805
0.100410
0.490193
0.821620
0.028186
0.869509
0.063019
0.957099
0.089590
0.265497
0.135904
0.655716
0.561384
0.487031
0.057835
0.098833
0.392612
0.188009
0.831104
0.407717
0.661125
0.202920
0.427541
0.412699
0.049425
0.948335
0.478722
0.054021
0.449686
0.271613
0.487876
0.927491
0.372023
0.978069
0.749111
0.400209
0.847578
0.812130
0.357308
0.937168
0.077627
0.493213
0.592884
0.639011
0.980243
0.650719
0.737845
0.372856
0.838728
0.568949
0.780573
0.499853
0.771868
0.208114
0.912552
0.821293
0.156449
0.391274
0.875314
0.606134
0.662888
0.363191
0.533625
0.034911
0.341259
0.282736
0.435120
0.188837
0.094866
0.792428
0.126005
0.172493
0.285641
0.718889
0.811504
0.265884
0.369608
0.549348
0.638740
0.208336
0.118297
0.419313
0.708189
0.890166
0.627427
0.620741
0.711459
0.783876
0.012015
0.586773
0.390010
0.674903
0.949964
0.923635
0.709813
0.291223
0.206371
0.144934
0.480061
0.301237
0.937362
0.606066
0.473730
0.223003
0.324955
0.285233
0.488888
0.694564
0.834582
0.127627
0.902899
0.952879
0.546940
0.611088
0.843045
0.174367
0.231829
0.554504
0.958242
0.243844
0.141277
0.348252
0.918747
0.091241
0.271887
0.628560
0.382464
0.478258
0.773494
0.862525
0.779495
0.710856
0.468591
0.253225
0.933859
0.793547
0.538458
0.422747
0.488110
0.373040
0.550374
0.391010
0.325919
0.097314
0.002098
0.168964
0.271681
0.233926
0.723468
0.229924
0.477770
0.864745
0.578176
0.396517
0.955986
0.850064
0.025077
0.338450
0.328322
0.798570
0.200976
0.107817
0.509426
0.669567
0.361042
0.443285
0.463114
0.899500
0.866032
0.951224
0.272540
0.416406
0.342234
0.598460
0.513720
0.344331
0.767424
0.785402
0.578257
0.490892
0.015326
0.056027
0.355637
0.593502
0.452544
0.311623
0.443565
0.477620
0.650073
0.771887
0.276191
0.851048
0.879705
0.785617
0.520615
0.240746
0.228902
0.983729
0.140246
0.094934
0.934953
0.412787
0.511340
0.277186
0.011246
0.025060
0.621518
0.778670
0.810462
0.199775
0.269562
0.825787
0.255802
0.625198
0.419289
0.708346
0.936821
0.862855
0.185967
0.586894
0.634742
0.462157
0.437942
0.514447
0.247774
0.958558
0.755193
0.476676
0.942287
0.895440
0.571609
0.877239
0.308226
0.082949
0.154426
0.319473
0.108009
0.775944
0.098142
0.918471
0.975718
0.367704
0.744259
0.231521
0.992902
0.163548
0.939867
0.929723
0.026403
0.125833
0.516617
0.661145
0.587990
0.954559
0.175591
0.835764
0.913117
0.930784
0.312440
0.855403
0.826224
0.884049
0.732643
0.134450
0.966999
0.887068
0.453923
0.075008
0.663012
0.552065
0.993480
0.638730
0.919769
0.737738
0.870251
0.912672
0.901286
0.810118
0.842394
0.927689
0.935951
0.359011
0.588834
0.523942
0.313570
0.764425
0.359706
0.226687
0.695210
0.672146
0.082090
0.521434
0.556195
0.814732
0.655884
0.523194
0.701801
0.109807
0.598202
0.364813
0.661872
0.591682
0.003543
0.581641
0.329420
0.873794
0.494313
0.230707
0.683912
0.336707
0.158396
0.619863
0.695718
0.747230
0.143805
0.009289
0.511655
0.503511
0.235975
0.206865
0.175657
0.318065
0.728299
0.731852
0.132797
0.384183
0.255046
0.834598
0.493989
0.853248
0.199411
0.155861
0.444930
0.202954
0.737503
0.774350
0.076748
0.231815
0.005056
0.760660
0.568523
0.163452
0.380524
0.264241
0.910682
0.524328
0.273530
0.422337
0.027839
0.509505
0.629202
0.203496
0.827570
0.357501
0.935348
0.960367
0.741683
0.190394
0.794965
0.235673
0.043642
0.994375
0.391534
0.488571
0.197329
0.129037
0.262921
0.274077
0.360852
0.267977
0.034738
0.929375
0.431430
0.415261
0.193616
0.342111
0.939590
0.467146
0.764448
0.967429
0.976650
0.393650
0.170925
0.804220
0.751151
0.106273
0.764587
0.492834
0.296666
0.559551
0.728507
0.340308
0.553927
0.120041
0.828879
0.751256
0.249078
0.091800
0.025333
0.609931
0.359777
0.060071
0.539306
0.791207
0.475332
0.732922
0.133318
0.414922
0.200067
0.897767
0.382351
0.176717
0.291417
0.553276
0.980937
0.042568
0.659549
0.745524
0.535402
0.956215
0.305075
0.263909
0.296523
0.859002
0.383951
0.125402
0.610258
0.633029
0.217202
0.635592
0.242960
0.576980
0.695663
0.782266
0.368187
0.170995
0.515188
0.501505
0.585917
0.715255
0.399272
0.968268
0.891972
0.690689
0.521544
0.872910
0.733257
0.181093
0.618434
0.268660
0.137308
0.923509
0.532569
0.433831
0.782511
0.916520
0.559233
0.392769
0.549549
0.776436
0.028360
0.792510
0.353415
0.724023
0.574776
0.721602
0.895018
0.089963
0.223108
0.480935
0.805218
0.622380
0.449203
0.697190
0.313069
0.970747
0.570100
0.046326
0.151840
0.188534
0.314986
0.289148
0.112042
0.847555
0.722979
0.894553
0.764075
0.282212
0.287322
0.313624
0.058648
0.315682
0.106134
0.412063
0.039706
0.680910
0.133665
0.934724
0.770873
0.356773
0.415659
0.576091
0.979152
0.864862
0.273281
0.292221
0.835608
0.843382
0.338547
0.987448
0.031915
0.653533
0.276596
0.143957
0.501088
0.999574
0.038511
0.265163
0.281786
0.325833
0.578787
0.340434
0.641515
0.684921
0.752497
0.681221
0.365830
0.886162
0.615944
0.136703
0.242935
0.031603
0.712794
0.222087
0.896464
0.986076
0.514308
0.732073
0.829457
0.852856
0.719521
0.861372
0.506389
0.996117
0.005330
0.007477
0.995691
0.043840
0.272639
0.277477
0.369673
0.851426
0.617911
0.011188
0.536347
0.370408
0.692409
0.902177
0.256570
0.308353
0.038880
0.499505
0.339956
0.751674
0.721592
0.236420
0.737750
0.235900
0.968493
0.567207
0.088756
0.688014
0.428579
0.595145
0.684131
0.433909
0.602621
0.679822
0.477749
0.875261
0.957299
0.847422
0.726687
0.575210
0.858610
0.263034
0.945618
0.551019
0.165211
0.202188
0.859372
0.204091
0.701692
0.199328
0.955765
0.423284
0.435748
0.693515
0.659184
0.404241
0.260722
0.747939
0.092256
0.689301
0.343084
0.776386
0.123209
0.945705
0.456208
0.600958
0.820966
0.413507
0.448380
0.547652
0.988717
0.306990
0.810686
0.934335
0.858008
0.975897
0.136522
0.717380
0.179987
0.838214
0.916707
0.135753
0.261498
0.352455
0.829267
0.920682
0.756697
0.089989
0.668621
0.848952
0.779290
0.011705
0.625338
0.902499
0.957410
0.081547
0.503457
0.778376
0.495054
0.951837
0.326029
0.483770
0.258827
0.136715
0.418105
0.116835
0.112611
0.554627
0.834214
0.292599
0.392842
0.750922
0.428351
0.654339
0.103377
0.257619
0.575021
0.860074
0.347608
0.243642
0.709026
0.126897
0.255347
0.334364
0.029396
0.212757
0.415911
0.532853
0.991133
0.910964
0.484690
0.317162
0.394735
0.743517
0.453877
0.812840
0.860352
0.566488
0.367467
0.694566
0.859086
0.760309
0.445488
0.287437
0.414648
0.548865
0.545056
0.989669
0.408938
0.892664
0.233311
0.117964
0.019561
0.488658
0.452329
0.048957
0.701416
0.868239
0.581811
0.692549
0.779204
0.066501
0.009711
0.173939
0.810018
0.463588
0.986779
0.670369
0.030075
0.354246
0.364935
0.889161
0.114555
0.810423
0.176599
0.529204
0.359288
0.721655
0.518873
0.768226
0.614318
0.752184
0.886190
0.633879
0.240843
0.338519
0.682837
0.942259
0.206759
0.264647
0.634808
0.985962
0.331148
0.644519
0.159901
0.141166
0.108106
0.146680
0.811536
0.138181
0.500927
0.176471
0.027343
0.615482
0.986894
0.203942
0.144686
0.346182
0.925597
0.663559
0.114408
0.539915
0.415743
0.000599
0.173794
0.656586
0.339118
0.856631
0.598845
0.545876
0.121278
0.233652
0.531839
0.452427
0.878171
0.691740
0.593593
0.986277
0.838420
0.405129
0.124459
0.339347
0.581600
0.151801
0.954829
0.568494
0.355743
0.099515
0.914676
0.281340
0.763074
0.029084
0.821255
0.178818
0.029683
0.995049
0.835404
0.368800
0.851680
0.434249
0.914677
0.972958
0.667901
0.446515
0.425385
0.546072
0.138255
0.018978
0.532349
0.976676
0.424107
0.656808
0.316023
0.005707
0.808609
0.270852
0.574201
0.164352
0.370368
0.488877
0.445692
0.133442
0.517961
0.266947
0.312259
0.547644
0.261995
0.147663
0.916444
0.113675
0.581912
0.831121
0.086633
0.249813
0.277636
0.512018
0.795886
0.415892
0.530996
0.328235
0.392567
0.955102
0.985043
0.708591
0.960809
0.793652
0.979443
0.535010
0.958005
0.349811
0.023887
0.403697
0.483253
0.541848
0.670643
0.795512
0.089492
0.932639
0.943175
0.005936
0.046314
0.525088
0.837057
0.132947
0.774901
0.114694
0.644965
0.570786
0.530585
0.175960
0.899021
0.923153
0.131063
0.884064
0.631743
0.091872
0.677717
0.611186
0.626882
0.635721
0.960997
0.650769
0.039418
0.444250
0.192617
0.710062
0.239762
0.282109
0.642700
0.182937
0.288045
0.689014
0.708024
0.125103
0.821961
0.482925
0.239796
0.466925
0.053712
0.770381
0.642886
0.952733
0.693534
0.773948
0.836797
0.325277
0.865820
0.514514
0.936463
0.492702
0.150236
0.897460
0.143470
0.189654
0.341710
0.336087
0.899716
0.581471
0.618196
0.542416
0.764408
0.906241
0.231430
0.472433
0.031344
0.053391
0.955358
0.271140
0.520316
0.009070
0.041521
0.163202
0.961803
0.735055
0.937150
0.798600
0.060332
0.802970
0.313115
0.996795
0.295672
0.463350
0.894256
0.439142
0.653004
0.235966
0.775229
0.552720
0.817437
0.393425
0.095136
0.581845
0.299667
0.326566
0.054278
0.331011
0.379957
0.009636
0.602151
0.900273
0.018706
0.643672
0.063475
0.980509
0.378727
0.000625
0.779110
0.439059
0.803595
0.092225
0.435854
0.099267
0.555575
0.330110
0.538409
0.208579
0.566075
0.313638
0.761299
0.383512
0.707064
0.856434
0.965357
0.006731
0.183000
0.019636
0.337741
0.562957
0.029272
0.939892
0.463230
0.047978
0.583563
0.526705
0.028488
0.962290
0.527330
0.807598
0.401349
0.330925
0.899822
0.837203
0.430192
0.455397
0.167312
0.968601
0.663976
0.733387
0.282240
0.425275
0.116899
0.989303
0.281709
0.082257
0.996034
0.464709
0.101893
0.333775
0.027666
0.131165
0.273667
0.490895
0.179143
0.857230
0.017600
0.207631
0.819520
0.544930
0.015229
0.220869
0.875855
0.915051
0.058072
0.306047
0.370448
0.225384
0.274648
0.034424
0.958771
0.556888
0.459699
0.075671
0.546191
0.741408
0.157927
0.542225
0.206117
0.259820
0.876000
0.233782
0.390985
0.149667
0.724677
0.570128
0.006898
0.742277
0.777759
0.826418
0.287207
0.792987
0.047287
0.163062
0.708038
0.105359
0.469109
0.078486
0.330743
0.743757
0.112910
0.289514
0.300645
0.572608
0.365184
0.846836
0.314016
0.523112
0.389061
0.520133
0.782932
0.265062
0.753915
0.173916
0.414729
0.478592
0.744044
0.421627
0.220869
0.521803
0.248046
0.508076
0.314790
0.295333
0.671139
0.022828
0.400692
0.140248
0.101314
0.731435
0.884005
0.214224
0.020948
0.184650
0.786832
0.386132
0.031486
0.100848
0.909244
0.420548
0.620981
0.692176
0.685610
0.374895
0.866092
0.100339
0.853487
0.610136
0.521966
0.074357
0.131938
0.770012
0.582433
0.446728
0.065345
0.253572
0.469556
0.466037
0.393819
0.570870
0.197472
0.277824
0.785094
0.218420
0.462474
0.571926
0.604553
0.493961
0.672774
0.513797
0.914508
0.293755
0.205972
0.600118
0.668650
0.072064
0.700457
0.522137
0.682200
0.222423
0.596494
0.814139
0.992435
0.178927
0.260867
0.057781
0.432499
0.730423
0.523818
0.826318
0.301293
0.721289
0.104143
0.086386
0.939710
0.566617
0.658312
0.544262
0.060578
0.331086
0.058059
0.975086
0.624840
0.264031
0.575204
0.293490
0.336095
0.275661
0.815628
0.018295
0.498084
0.412122
0.832434
0.490520
0.591049
0.093300
0.548300
0.023548
0.823723
0.072118
0.849866
0.125016
0.793408
0.954009
0.211402
0.733117
0.520626
0.869714
0.277379
0.581204
0.200800
0.335438
0.556290
0.825640
0.599469
0.131494
0.119131
0.935564
0.407155
0.934758
0.953859
0.905239
0.346880
0.786292
0.395759
0.937929
0.879593
0.944060
0.961477
0.703316
0.016178
0.811344
0.828332
0.809585
0.765353
0.039734
0.542702
0.285979
0.909448
0.820081
0.867183
0.110247
0.155519
0.423473
0.935888
0.754988
0.554967
0.055018
0.690551
0.962121
0.989777
0.644410
0.867361
0.336657
0.430702
0.263120
0.274586
0.310295
0.207180
0.236064
0.013611
0.223358
0.047408
0.841943
0.032943
0.812760
0.881676
0.575646
0.098740
0.791124
0.395727
0.965922
0.901371
0.551246
0.389395
0.837258
0.306234
0.944362
0.892277
0.996785
0.906483
0.882054
0.641195
0.773844
0.218711
0.071898
0.036964
0.493297
0.382193
0.244145
0.729361
0.395804
0.467503
0.776768
0.237746
0.500446
0.589529
0.119422
0.076092
0.688268
0.910546
0.471819
0.654191
0.811917
0.023066
0.043586
0.649175
0.329300
0.987947
0.541452
0.326085
0.894430
0.423506
0.967281
0.668274
0.642216
0.039178
0.705239
0.135513
0.421371
0.949383
0.864874
0.817175
0.416886
0.641642
0.054921
0.917332
0.231171
0.174344
0.993424
0.919439
0.084890
0.465243
0.573630
0.896806
0.488308
0.617215
0.545982
0.817608
0.605162
0.087434
0.143693
0.499593
0.510939
0.110974
0.167867
0.153155
0.150152
0.873106
0.288668
0.571523
0.822489
0.153542
0.388698
0.239375
0.795184
0.443619
0.156706
0.026354
0.617963
0.150130
0.945793
0.702852
0.615373
0.519423
0.599659
0.103681
0.136638
0.145640
0.921289
0.741800
0.233074
0.064982
0.241393
0.744013
0.175955
0.409260
0.897169
0.326107
0.282366
0.185837
0.897630
0.104855
0.339379
0.286328
0.344229
0.134563
0.729948
0.500935
0.160917
0.347911
0.651065
0.106711
0.050763
0.266438
0.626133
0.650422
0.370119
0.762771
0.796062
0.291407
0.504572
0.029136
0.356389
0.745965
0.773150
0.532344
0.155225
0.670318
0.858452
0.437591
0.856155
0.756082
0.542445
0.195534
0.042410
0.886674
0.330097
0.772358
0.387610
0.491014
0.120269
0.038675
0.597724
0.171032
0.305113
0.223858
0.821454
0.675232
0.986629
0.617516
0.966639
0.491201
0.646653
0.323028
0.237166
0.419802
0.855373
0.392391
0.090120
0.713824
0.829982
0.946276
0.469906
0.372428
0.141810
0.512317
0.259102
0.471906
0.284675
0.646712
0.962920
0.404944
0.685387
0.560645
0.575975
0.990500
0.784502
0.397429
0.665732
0.771132
0.014945
0.632371
0.262333
0.661598
0.955399
0.499499
0.081400
0.810772
0.891890
0.171520
0.524597
0.721872
0.117796
0.994503
0.094300
0.259605
0.506820
0.353402
0.731512
0.791495
0.000114
0.694432
0.196438
0.685501
0.255077
0.772414
0.676001
0.039579
0.169843
0.341733
0.810710
0.184788
0.974104
0.073043
0.846386
0.929503
0.572542
0.927786
0.740275
0.464432
0.099306
0.264872
0.186304
0.217102
0.259375
0.280604
0.476708
0.766195
0.634007
0.208219
0.557689
0.634121
0.902651
0.754128
0.319622
0.157728
0.526541
0.995624
0.197307
0.696384
0.337357
0.008017
0.881172
0.311461
0.081060
0.727558
0.240965
0.653602
0.655344
0.981240
0.118034
0.754650
0.246112
0.304339
0.971752
0.505487
0.584943
0.448460
0.271682
0.218950
0.656679
0.829371
0.853071
0.559330
0.583499
0.172693
0.717058
0.110040
0.168317
0.914365
0.806424
0.505674
0.922382
0.687596
0.817135
0.003443
0.415154
0.058100
0.657045
0.070498
0.039340
0.775079
0.825148
0.285452
0.079418
0.796900
0.790940
0.664361
0.245359
0.062621
0.883311
0.902038
0.891993
0.736382
0.461369
0.475492
0.909075
0.178427
0.585532
0.077392
0.092791
0.391956
0.583067
0.015174
0.079552
0.400202
0.018616
0.494706
0.458302
0.675661
0.565204
0.497642
0.450740
0.390352
0.783095
0.530158
0.187252
0.574034
0.194519
0.432611
0.636656
0.077830
0.334650
0.528648
0.814212
0.796018
0.004140
0.723287
0.974445
0.589672
0.800679
0.067236
0.981628
0.383746
0.082410
0.061180
0.783948
0.101026
0.555886
0.242250
0.776687
0.121091
0.739892
0.227427
0.511443
0.522987
0.757585
0.698695
0.097021
0.952104
0.131307
0.733676
0.029934
0.465956
0.262325
0.844146
0.261974
0.266465
0.567433
0.236419
0.856136
0.368112
0.303656
0.837764
0.751858
0.386065
0.898944
0.535805
0.487091
0.454830
0.778055
0.263778
0.575921
0.517947
0.491206
0.087364
0.040933
0.248791
0.786059
0.137954
0.200895
0.917366
0.871630
0.230829
0.383322
0.133955
0.074975
0.645296
0.400419
0.642407
0.881716
0.256556
0.010519
0.185371
0.094320
0.762377
0.571437
0.993264
0.298182
0.058528
0.448094
0.076237
0.322307
0.024015
0.594184
0.813512
0.111379
0.635117
0.062303
0.897439
0.773071
0.263198
0.814804
0.644702
0.494027
0.198126
0.778656
0.569001
0.843423
0.179076
0.211409
0.725138
0.435632
0.221928
0.910510
0.529951
0.984305
0.481946
0.523215
0.282486
0.540474
0.971309
0.358723
0.862781
0.995324
0.952907
0.676293
0.106704
0.588024
0.738596
0.004142
0.361096
0.001794
0.818946
0.005797
0.495821
0.017073
0.784454
0.064823
0.860495
0.963530
0.276231
0.585634
0.399161
0.498159
0.496143
0.929113
0.482464
0.978090
0.452328
0.764950
0.518564
0.423637
0.123674
0.381345
0.418961
0.076581
0.057639
0.525664
0.664605
0.796235
0.529806
0.025701
0.798029
0.348753
0.031498
0.293851
0.365825
0.815952
0.358673
0.226320
0.779482
0.634905
0.811954
0.178643
0.133064
0.308097
0.107755
0.615528
0.286187
0.560083
0.380478
0.804751
0.983720
0.504151
0.186096
0.402681
0.580732
0.243735
0.928345
0.245337
0.039970
0.458152
0.271038
0.838000
0.806904
0.302536
0.131850
0.172730
0.118488
0.490524
0.399050
0.897970
0.125429
0.211004
0.076613
0.258493
0.519102
0.184368
0.874020
0.805289
0.744451
0.254498
0.610040
0.728171
0.758650
0.796136
0.130852
0.339382
0.039871
0.059197
0.584719
0.079842
0.517348
0.855757
0.917841
0.324253
0.158294
0.049692
0.496982
0.276782
0.540215
0.896033
0.174752
0.665644
0.107037
0.251365
0.924136
0.626138
0.435733
0.798157
0.431427
0.180184
0.052655
0.041467
0.908354
0.811304
0.837603
0.039206
0.150686
0.877474
0.098403
0.735405
0.957316
0.615751
0.591162
0.875157
0.940004
0.749456
0.924849
0.436986
0.026238
0.465064
0.333019
0.200990
0.130708
0.440056
0.452355
0.054844
0.066194
0.888087
0.853001
0.497621
0.068271
0.905655
0.539088
0.976625
0.716959
0.376691
0.015831
0.867645
0.254165
0.114234
0.603050
0.211481
0.729985
0.194213
0.086639
0.669989
0.943669
0.011487
0.106975
0.969907
0.476551
0.439994
0.170897
0.607259
0.880049
0.623252
0.662103
0.946243
0.511339
0.515104
0.443864
0.579610
0.420759
0.982952
0.556235
0.137719
0.359643
0.572067
0.005364
0.613809
0.686301
0.608414
0.825290
0.416286
0.802627
0.911929
0.086275
0.746295
0.923416
0.193250
0.716202
0.399967
0.633243
0.887099
0.007226
0.513293
0.510351
0.669329
0.459536
0.021689
0.184433
0.903400
0.601299
0.605193
0.886353
0.157534
0.742911
0.245996
0.729601
0.748275
0.859804
0.415902
0.356690
0.685094
0.832188
0.159316
0.597023
0.918462
0.905612
0.520439
0.111712
0.621814
0.920406
0.744955
0.508913
0.927633
0.258248
0.019264
0.596962
0.717784
0.040953
0.781395
0.621185
0.642252
0.386588
0.507537
0.799786
0.129499
0.753533
0.529387
0.877775
0.613338
0.945289
0.234464
0.298432
0.777477
0.393781
0.895455
0.695939
0.299393
0.415894
0.807651
0.921207
0.336301
0.552606
0.430119
0.263933
0.810854
0.449383
0.860895
0.528639
0.490336
0.642291
0.149823
0.132588
0.028879
0.657361
0.932374
0.158378
0.410894
0.461762
0.036153
0.024232
0.407051
0.270617
0.322664
0.184528
0.664398
0.218119
0.880467
0.963791
0.634014
0.688117
0.884997
0.970315
0.240724
0.315117
0.234248
0.051578
0.764500
0.095143
0.580217
0.254836
0.737433
0.730040
0.387423
0.766312
0.387401
0.319798
0.924690
0.798295
0.781559
0.960843
0.822527
0.188610
0.231460
0.145191
0.373138
0.895858
0.363310
0.253604
0.859648
0.997324
0.941722
0.744646
0.967639
0.182445
0.059762
0.201886
0.234023
0.824262
0.297029
0.814240
0.079097
0.034462
0.544280
0.466521
0.800774
0.931681
0.786319
0.725464
0.729976
0.567878
0.686307
0.552503
0.756488
0.917767
0.697694
0.129626
0.813624
0.061004
0.383230
0.673273
0.058328
0.324952
0.417919
0.025967
0.507397
0.477681
0.227853
0.741421
0.301943
0.524882
0.555661
0.381040
0.559345
0.099941
0.847561
0.360119
0.031622
0.633879
0.085583
0.761598
0.201757
0.771890
0.314101
0.958245
0.689657
0.011795
0.087871
0.503281
0.072799
0.471102
0.176554
0.131127
0.796053
0.594473
0.157094
0.303451
0.072154
0.384947
0.044871
0.374096
0.909830
0.600532
0.755136
0.469175
0.700473
0.602697
0.829294
0.732095
0.236576
0.914877
0.493694
0.438333
0.686767
0.807795
0.396579
0.376424
0.819590
0.484450
0.879705
0.892388
0.955552
0.056260
0.023516
0.751605
0.650732
0.180610
0.055056
0.722886
0.565557
0.099927
0.096982
0.475387
0.700459
0.852118
0.944562
0.400932
0.454815
0.773855
0.133028
0.691391
0.688733
0.626721
0.129725
0.375500
0.434516
0.526304
0.751924
0.254105
0.010754
0.631629
0.146494
0.966306
0.687889
0.170009
0.717911
0.338622
0.350619
0.772967
0.061507
0.916176
0.872894
0.158489
0.391563
0.573353
0.010608
0.336125
0.974285
0.465423
0.109980
0.107313
0.156814
0.798713
0.734034
0.286539
0.174213
0.168550
0.812842
0.926137
0.422656
0.823596
0.557766
0.569149
0.789901
0.245656
0.739159
0.507812
0.584277
0.089778
0.280779
0.645784
0.005954
0.153673
0.804274
0.397518
0.727026
0.814882
0.733643
0.701311
0.280304
0.843623
0.808624
0.437118
0.642336
0.542659
0.723657
0.816549
0.711209
0.536499
0.742686
0.133864
0.360095
0.300452
0.703014
0.149996
0.546108
0.442172
0.657808
0.130385
0.531950
0.938587
0.776169
0.537905
0.092260
0.580443
0.935422
0.819286
0.395325
0.669065
0.520597
0.675629
0.512688
0.329222
0.112747
0.155024
0.871880
0.836404
0.971572
0.583089
0.372903
0.714258
0.716954
0.732997
0.014710
0.419968
0.882993
0.560818
0.862140
0.540802
0.691202
0.394090
0.479389
0.467371
0.931995
0.571649
0.047814
0.867417
0.390935
0.443139
0.536482
0.911532
0.118768
0.049170
0.240753
0.231515
0.204194
0.112634
0.067919
0.175766
0.695723
0.440822
0.890024
0.412677
0.173819
0.904734
0.832645
0.056812
0.465551
0.694785
0.597614
0.156754
0.088875
0.077002
0.624125
0.020870
0.648651
0.671939
0.888288
0.039586
0.115078
0.424770
0.951117
0.233846
0.473940
0.191871
0.465361
0.678134
0.304505
0.533280
0.853900
0.000228
0.974102
0.743923
0.412905
0.147921
0.648657
0.245549
0.204733
0.114208
0.940334
0.802346
0.270962
0.029209
0.879349
0.895087
0.050080
0.528000
0.567026
0.938368
0.567586
0.682104
0.363138
0.518703
0.915951
0.837078
0.710574
0.381312
0.515212
0.015078
0.914592
0.369111
0.015306
0.888693
0.113035
0.428211
0.036614
0.761692
0.673760
0.241347
0.875900
0.614095
0.043693
0.146862
0.643304
0.923042
0.041949
0.693384
0.451042
0.608975
0.631752
0.018628
0.291080
0.994889
0.537331
0.207030
0.831968
0.247905
0.588342
0.347179
0.262983
0.502934
0.716291
0.278289
0.391627
0.829325
0.706500
0.428241
0.591017
0.380261
0.669588
0.466917
0.994355
0.713281
0.613779
0.637659
0.636323
0.655728
0.331043
0.087365
0.264704
0.962795
0.105993
0.555783
0.957684
0.643324
0.762814
0.789652
0.891229
0.351156
0.136831
0.154212
0.854090
0.853122
0.432501
0.245717
0.682447
0.139001
0.673958
0.273464
0.519262
0.343546
0.740381
0.513617
0.056827
0.354160
0.151277
0.693150
0.009889
0.482320
0.780515
0.274592
0.445115
0.886507
0.830376
0.402800
0.529831
0.593190
0.192452
0.421060
0.944346
0.329283
0.575271
0.798435
0.182405
0.007773
0.044152
0.864852
0.146774
0.718110
0.138316
0.666036
0.061656
0.878697
0.179653
0.118482
0.232857
0.330930
0.811632
0.242746
0.813251
0.592147
0.517338
0.258366
0.478654
0.347714
0.661165
0.008485
0.940904
0.853617
0.429545
0.885250
0.182900
0.004816
0.683685
0.365304
0.012589
0.727837
0.230156
0.159363
0.445947
0.368472
0.825399
0.507602
0.247168
0.005052
0.626085
0.480025
0.335983
0.437717
0.722771
0.149233
0.029863
0.240110
0.407599
0.508517
0.587824
0.068764
0.517002
0.528728
0.922381
0.946547
0.413978
0.105280
0.951363
0.097662
0.470585
0.963952
0.825499
0.700741
0.123315
0.271446
0.069212
0.948714
0.779048
0.316380
0.953766
0.405133
0.796406
0.289748
0.842850
0.519177
0.438981
0.872713
0.759286
0.846580
0.381231
0.347110
0.915344
0.898233
0.875838
0.837725
0.844780
0.289816
0.943006
0.796144
0.387478
0.413590
0.760096
0.212977
0.114331
0.883411
0.484423
0.183543
0.832124
0.263471
0.499923
0.785890
0.668604
0.296329
0.075639
0.511454
0.815506
0.514620
0.384168
0.574792
0.361200
0.765398
0.921903
0.276544
0.663631
0.797741
0.114270
0.508411
0.087556
0.057275
0.304555
0.475034
0.470866
0.064651
0.688011
0.585197
0.948062
0.172434
0.768739
0.780186
0.435905
0.268663
0.566076
0.104510
0.564992
0.641715
0.615964
0.380498
0.156335
0.000131
0.955290
0.517535
0.765530
0.877192
0.794079
0.429161
0.674933
0.908349
0.937572
0.762490
0.965624
0.242127
0.237524
0.436490
0.306778
0.925535
0.021687
0.254839
0.097970
0.790426
0.035025
0.533875
0.059089
0.601102
0.638385
0.624081
0.242816
0.254349
0.004578
0.399151
0.254480
0.959868
0.916686
0.020010
0.837061
0.710765
0.449170
0.511994
0.619114
0.386743
0.274484
0.584739
0.628870
0.512008
0.021229
0.935647
0.437543
0.042916
0.190487
0.535513
0.833342
0.225512
0.069388
0.892431
0.826614
0.707773
0.516512
0.069430
0.962122
0.521090
0.468581
0.216602
0.480959
0.385267
0.236612
0.318019
0.096033
0.685782
0.830013
0.715147
0.072525
0.104497
0.299886
0.701395
0.616504
0.321115
0.637042
0.054047
0.364031
0.827529
0.589560
0.197374
0.053041
0.658948
0.089805
0.879655
0.366722
0.606317
0.949085
0.328844
0.127407
0.417667
0.545446
0.608366
0.802934
0.782058
0.926385
0.898967
0.467840
0.756398
0.614114
0.540365
0.860895
0.914000
0.241760
0.477400
0.235116
0.878802
0.531447
0.599147
0.706331
0.121008
0.796521
0.759372
0.779956
0.886325
0.639027
0.146678
0.492642
0.588113
0.475521
0.620049
0.005779
0.020967
0.228415
0.808713
0.803025
0.154800
0.707680
0.270865
0.911199
0.321794
0.811230
0.772094
0.235794
0.052990
0.249494
0.470910
0.931792
0.780941
0.070057
0.638123
0.901949
0.866577
0.397496
0.681905
0.752903
0.036523
0.828583
0.245545
0.624636
0.304104
0.865594
0.630415
0.325071
0.094010
0.439129
0.128096
0.248810
0.146809
0.398961
0.160009
0.468603
0.210192
0.932103
0.704397
0.263182
0.181597
0.175307
0.194974
0.962539
0.245363
0.833098
0.864488
0.111940
0.230594
0.546393
0.864843
0.267117
0.374976
0.110388
0.891753
0.679080
0.975982
0.522168
0.004152
0.069992
0.961297
0.132248
0.318802
0.108106
0.531209
0.478811
0.576708
0.741401
0.410914
0.281105
0.004583
0.592511
0.456412
0.199557
0.555050
0.701775
0.032655
0.419538
0.813716
0.263249
0.965931
0.678559
0.530365
0.340906
0.788947
0.422118
0.019987
0.764929
0.944286
0.024138
0.834922
0.905583
0.156386
0.153724
0.013689
0.687595
0.632535
0.590397
0.428997
0.043449
0.871503
0.433580
0.635960
0.327915
0.633137
0.191010
0.029690
0.665792
0.610547
0.843406
0.929041
0.576478
0.521965
0.459407
0.917384
0.310912
0.881525
0.937371
0.075841
0.825811
0.961509
0.910763
0.731395
0.117895
0.064487
0.745084
0.805491
0.697021
0.335481
0.234487
0.740470
0.206984
0.668067
0.376430
0.534899
0.301204
0.567439
0.564589
0.966997
0.177987
0.407995
0.896038
0.754465
0.929960
0.355444
0.671849
0.240872
0.236969
0.609220
0.316714
0.062780
0.570730
0.227476
0.794175
0.688625
0.291963
0.539258
0.494116
0.988984
0.874739
0.728603
0.729454
0.081723
0.396670
0.105883
0.616622
0.697875
0.673323
0.181211
0.664871
0.851310
0.589206
0.560909
0.605775
0.519167
0.916353
0.277624
0.760039
0.153322
0.886845
0.076752
0.216102
0.457574
0.304229
0.010277
0.146199
0.596192
0.549535
0.640315
0.585176
0.424274
0.368918
0.314629
0.505997
0.765589
0.420513
0.122620
0.463463
0.093836
0.303831
0.128335
0.945145
0.893037
0.689243
0.550920
0.412204
0.605596
0.828544
0.172242
0.758918
0.715388
0.248994
0.975020
0.172963
0.553223
0.985297
0.319162
0.149415
0.534832
0.959477
0.734590
0.959106
0.328396
0.049220
0.465104
0.093985
0.469732
0.587723
0.557448
0.563568
0.891554
0.685783
0.508713
0.784591
0.375026
0.059633
0.196795
0.980622
0.888177
0.369037
0.739541
0.603565
0.618031
0.714561
0.776528
0.171254
0.699858
0.095690
0.320669
0.234690
0.055168
0.055259
0.193796
0.383563
0.104479
0.658900
0.477548
0.574212
0.246623
0.034996
0.137779
0.138176
0.720779
0.646493
0.922767
0.095805
0.706126
0.119562
0.076427
0.594302
0.488599
0.815968
0.197868
0.106630
0.530529
0.974396
0.277884
0.230386
0.070086
0.598554
0.465076
0.125254
0.653813
0.658872
0.508817
0.758292
0.317772
0.986365
0.332504
0.564394
0.021361
0.470283
0.702571
0.742140
0.116776
0.625338
0.837945
0.822901
0.744900
0.914372
0.417204
0.233499
0.730340
0.615072
0.340129
0.260869
0.589468
0.618013
0.491255
0.659554
0.216567
0.956331
0.784807
0.870380
0.615203
0.293624
0.628672
0.932975
0.279989
0.961175
0.497369
0.301350
0.431458
0.199940
0.043490
0.548234
0.825278
0.881435
0.371135
0.570178
0.795807
0.788339
0.803676
0.526147
0.403411
0.143805
0.787016
0.992878
0.761818
0.278271
0.652432
0.978384
0.234602
0.437239
0.848764
0.849806
0.730863
0.477436
0.782781
0.010853
0.438611
0.280150
0.312203
0.870069
0.480090
0.355693
0.418303
0.305367
0.237129
0.789438
0.875545
0.032936
0.577777
0.679221
0.559084
0.981188
0.823026
0.346100
0.974066
0.584843
0.624370
0.626497
0.563228
0.858973
0.063736
0.411992
0.708778
0.794600
0.889427
0.491559
0.805452
0.328038
0.771709
0.117655
0.198107
0.251798
0.473349
0.616410
0.557166
0.710477
0.405849
0.432710
0.743414
0.983626
0.111931
0.302497
0.964814
0.934957
0.648597
0.938879
0.519800
0.272967
0.565377
0.083028
0.131940
0.629113
0.495019
0.840718
0.423713
0.384447
0.332277
0.229165
0.712485
0.103986
0.346820
0.910592
0.355784
0.820169
0.527003
0.912950
0.530647
0.932851
0.345660
0.274060
0.916477
0.457591
0.576558
0.881291
0.392548
0.225154
0.820170
0.912349
0.498122
0.385547
0.995377
0.630062
0.014660
0.490396
0.470780
0.438373
0.874843
0.803057
0.667538
0.587328
0.907043
0.014359
0.497920
0.262827
0.834528
0.024922
0.175776
0.365174
0.957773
0.521436
0.639235
0.874250
0.979028
0.215792
0.755541
0.371576
0.440947
0.575711
0.283925
0.939068
0.961258
0.279301
0.569130
0.975918
0.769697
0.039910
0.414291
0.644540
0.842967
0.081830
0.231868
0.750010
0.096188
0.729788
0.012836
0.930716
0.754710
0.188613
0.295891
0.712483
0.710049
0.935125
0.586734
0.689077
0.150918
0.342275
0.060653
0.591864
0.917986
0.344578
0.530932
0.879244
0.623879
0.100062
0.855162
0.393577
0.139972
0.269453
0.038117
0.982939
0.351283
0.269985
0.732949
0.447471
0.999772
0.745785
0.378187
0.754482
0.934397
0.674078
0.466966
0.644446
0.609203
0.053699
0.333523
0.760121
0.395974
0.394176
0.351985
0.313960
0.738754
0.882917
0.193204
0.362633
0.982980
0.048366
0.756210
0.122952
0.317819
0.794327
0.105891
0.669102
0.064312
0.838839
0.116573
0.064084
0.584624
0.494761
0.818566
0.519022
0.168839
0.285532
0.163468
0.778042
0.339231
0.496991
0.538162
0.735206
0.891167
0.890147
0.049166
0.629921
0.773065
0.242370
0.992554
0.756044
0.290736
0.748764
0.878996
0.608556
0.543091
0.984887
0.277658
0.607403
0.823726
0.394232
0.671487
0.408350
0.888992
0.490053
0.927372
0.057831
0.775585
0.090840
0.835873
0.114817
0.587831
0.374035
0.850023
0.478998
0.264182
0.899188
0.108918
0.037247
0.141559
0.101472
0.793291
0.432295
0.850236
0.672287
0.040851
0.393327
0.657174
0.318509
0.000730
0.480901
0.712740
0.672217
0.889251
0.601733
0.162271
0.816623
0.659564
0.937856
0.907463
0.495436
0.052673
0.495294
0.869471
0.902695
0.974292
0.133654
0.801884
0.083210
0.170901
0.943442
0.184683
0.964192
0.375737
0.034919
0.636479
0.416588
0.428246
0.293654
0.735097
0.428976
0.774554
0.447837
0.101193
0.663805
0.049569
0.263464
0.480429
0.709133
0.201320
0.387892
0.204569
0.253993
0.883186
0.074041
0.156688
0.857477
0.207694
0.958572
0.940688
0.378595
0.902015
0.125370
0.342787
0.277752
0.160289
0.979266
0.694340
0.588535
0.272920
0.429436
0.017511
0.047474
0.877273
0.118705
0.711280
0.926842
0.382168
0.191708
0.635975
0.583488
0.579600
0.840545
0.837481
0.462786
0.914585
0.994169
0.320263
0.122279
0.952741
0.260951
0.500874
0.854756
0.386321
0.843661
0.132507
0.546610
0.822927
0.826847
0.135145
0.095847
0.256283
0.152656
0.143322
0.133556
0.271361
0.854601
0.060398
0.653529
0.046310
0.696374
0.237017
0.625909
0.536918
0.074498
0.088695
0.451503
0.068667
0.408958
0.573783
0.021408
0.669909
0.074657
0.876164
0.056230
0.918318
0.008672
0.602839
0.741246
0.835519
0.737984
0.837093
0.091802
0.890640
0.980415
0.225358
0.162001
0.835016
0.285756
0.815530
0.881326
0.982130
0.052547
0.507235
0.519049
0.127045
0.595930
0.970552
0.195713
0.004888
0.544335
0.217121
0.674797
0.618992
0.093285
0.731027
0.537310
0.101957
0.333866
0.278556
0.937475
0.071850
0.115649
0.029277
0.962491
0.096064
0.254635
0.124492
0.931080
0.540392
0.940022
0.812405
0.522522
0.992569
0.319640
0.041570
0.119614
0.915571
0.012122
0.315327
0.920459
0.556457
0.532448
0.595256
0.175449
0.625733
0.326283
0.712759
0.727689
0.660149
0.991314
0.665165
0.732000
0.106963
0.694442
0.694491
0.203027
0.949077
0.818982
0.134106
0.489468
0.759004
0.946512
0.011990
0.751573
0.266152
0.053560
0.871187
0.181723
0.065683
0.186514
0.102182
0.622140
0.718962
0.697438
0.797589
0.344695
0.023722
0.510347
0.072384
0.683871
0.501662
0.737549
0.415871
0.608625
0.431990
0.110361
0.811651
0.381067
0.929344
0.945757
0.870535
0.688348
0.892269
0.882525
0.439921
0.158421
0.936086
0.311108
0.340144
0.001768
0.497622
0.442325
0.623908
0.216585
0.139764
0.421496
0.561280
0.163485
0.931844
0.633664
0.847356
0.433505
0.371213
0.263227
0.042130
0.803203
0.373589
0.853781
0.184270
0.302932
0.799538
0.054806
0.991280
0.691807
0.937331
0.431201
0.850228
0.873416
0.742309
0.190371
0.875184
0.239931
0.632697
0.499092
0.456516
0.772460
0.920589
0.017795
0.935946
0.852432
0.651459
0.783302
0.285938
0.022672
0.046529
0.328067
0.825875
0.420118
0.181848
0.010145
0.723050
0.981386
0.064951
0.714330
0.673193
0.002281
0.145531
0.523421
0.875698
0.887839
0.713792
0.750882
0.127771
0.346489
0.249975
0.584286
0.118949
0.170563
0.602082
0.054895
0.022996
0.253541
0.838197
0.308933
0.276212
0.884726
0.637001
0.102087
0.304844
0.818849
0.112233
0.027894
0.800235
0.177183
0.742224
0.473428
0.179465
0.887754
0.996849
0.055162
0.775594
0.710641
0.806045
0.903364
0.057130
0.056019
0.487651
0.176079
0.226583
0.089732
0.230974
0.249578
0.343273
0.069171
0.558512
0.619485
0.953897
0.195512
0.721573
0.258741
0.014361
0.833805
0.286635
0.814595
0.010988
0.028858
0.288023
0.190453
0.916613
0.284872
0.245616
0.692207
0.995513
0.051660
0.595571
0.052643
0.107679
0.083222
0.228722
0.334262
0.172954
0.459697
0.583840
0.516227
0.528868
0.142352
0.135712
0.482765
0.337864
0.857285
0.741506
0.352225
0.691090
0.028141
0.166820
0.702078
0.056999
0.454843
0.892531
0.973612
0.739715
0.138147
0.665819
0.735228
0.189807
0.261390
0.787871
0.297487
0.344611
0.016594
0.631749
0.517565
0.476290
0.215589
0.033792
0.005158
0.357940
0.169505
0.487923
0.695804
0.026789
0.229429
0.048029
0.717879
0.257570
0.214849
0.419958
0.314569
0.669692
0.312489
0.288181
0.409408
0.450636
0.954000
0.144636
0.640443
0.215390
0.932507
0.937930
0.560001
0.949101
0.569679
0.077567
0.425391
0.785267
0.111359
0.430549
0.143208
0.280863
0.918471
0.839012
0.307653
0.147900
0.887041
0.025532
0.405470
0.101890
0.445490
0.720039
0.771582
0.757979
0.008221
0.180990
0.208615
0.962221
0.325625
0.849058
0.177610
0.258133
0.786988
0.737612
0.207233
0.356667
0.815178
0.632624
0.141934
0.926537
0.063172
0.285141
0.207401
0.981644
0.124153
0.515053
0.129544
0.011194
0.540586
0.535015
0.113084
0.986075
0.255054
0.884666
0.744054
0.263275
0.065655
0.952668
0.225495
0.391281
0.801727
0.403106
0.649413
0.588715
0.140717
0.856646
0.945381
0.955896
0.489270
0.087315
0.882433
0.552443
0.372456
0.089833
0.534087
0.496610
0.604887
0.663631
0.507803
0.145472
0.198646
0.620887
0.131548
0.453700
0.505553
0.875601
0.716974
0.571208
0.828270
0.942469
0.962488
0.629996
0.345575
0.611901
0.218711
0.486292
0.468548
0.164092
0.442188
0.957818
0.251407
0.324620
0.510261
0.623864
0.414454
0.044347
0.120473
0.019341
0.707978
0.628277
0.164813
0.906624
0.249164
0.296361
0.360324
0.754717
0.171962
0.077298
0.325925
0.000232
0.019767
0.288413
0.630229
0.365342
0.900314
0.848940
0.851634
0.368862
0.013032
0.293822
0.326680
0.264439
0.618442
0.836941
0.888303
0.032896
0.881288
0.008776
0.052237
0.589266
0.637053
0.217051
0.495890
0.886217
0.513412
0.856214
0.640934
0.685374
0.933512
0.966858
0.685606
0.953279
0.255271
0.315834
0.318621
0.155585
0.164774
0.170255
0.524447
0.177806
0.464077
0.851128
0.442245
0.082520
0.688068
0.330548
0.115416
0.569356
0.339324
0.167653
0.158623
0.976377
0.384704
0.654513
0.862594
0.898115
0.510727
0.503528
0.583489
0.444239
0.470386
0.269095
0.397518
0.725657
0.584930
0.716139
0.881242
0.749704
0.886394
0.405690
0.927510
0.350471
0.256817
0.369755
0.432991
0.944886
0.700303
0.548407
0.514242
0.039627
0.716061
0.672865
0.016005
0.100765
0.327378
0.878599
0.998880
0.838105
0.382127
0.582369
0.282343
0.852513
0.851465
0.679861
0.578170
0.436394
0.396000
0.459412
0.186098
0.282394
0.865102
0.113608
0.632865
0.121919
0.483362
0.065856
0.066805
0.183665
0.614263
0.581047
0.223293
0.330324
0.253911
0.239298
0.431089
0.581289
0.117897
0.429969
0.419394
0.500024
0.012339
0.701737
0.352538
0.863803
0.381598
0.930708
0.300198
0.777598
0.390120
0.486296
0.059992
0.255222
0.599903
0.692857
0.377142
0.083266
0.758713
0.443947
0.266931
0.372976
0.024994
0.490224
0.703300
0.278905
0.729522
0.134389
0.860194
0.847419
0.564358
0.279588
0.347443
0.576697
0.981325
0.699981
0.440500
0.362924
0.630689
0.740698
0.140522
0.020809
0.226993
0.200513
0.276031
0.826897
0.893370
0.653173
0.910162
0.652083
0.097120
0.177094
0.025059
0.122113
0.667318
0.728360
0.401019
0.396839
0.862749
0.261213
0.244258
0.427108
0.540801
0.591702
0.003804
0.522126
0.291683
0.444305
0.885050
0.922371
0.185003
0.025571
0.943180
0.411996
0.226084
0.219211
0.238893
0.119455
0.872384
0.149055
0.771537
0.969504
0.326149
0.796597
0.091617
0.993466
0.524956
0.492636
0.390306
0.387705
0.753849
0.634564
0.814813
0.294650
0.226266
0.818617
0.816776
0.517949
0.262922
0.701825
0.440320
0.447925
0.727397
0.383501
0.859921
0.953481
0.602712
0.098813
0.072936
0.475096
0.247869
0.844473
0.444600
0.574017
0.641070
0.536218
0.567484
0.166026
0.028854
0.957790
0.553732
0.782703
0.592354
0.368545
0.077352
0.818620
0.187162
0.894128
0.336569
0.450084
0.595953
0.776889
0.898009
0.323350
0.160390
0.757930
0.276831
0.763102
0.856743
0.349767
0.238198
0.104612
0.194240
0.682798
0.678629
0.835310
0.219016
0.246113
0.001336
0.247870
0.203902
0.555067
0.030573
0.796256
0.923612
0.107925
0.614876
0.110774
0.002053
0.951445
0.560858
0.598006
0.728334
0.458867
0.921356
0.888723
0.216797
0.198187
0.651825
0.073540
0.547954
0.890023
0.178151
0.742194
0.572821
0.856780
0.577503
0.791838
0.102893
0.578839
0.039708
0.306795
0.133906
0.070280
0.103051
0.057518
0.178205
0.717926
0.168292
0.180258
0.669371
0.729150
0.778264
0.397705
0.188017
0.699620
0.286428
0.404813
0.897807
0.938253
0.478353
0.445761
0.828276
0.656504
0.187954
0.401098
0.513284
0.765458
0.192936
0.616176
0.344296
0.232643
0.922971
0.478202
0.302924
0.026021
0.535720
0.481129
0.743948
0.704012
0.661386
0.413319
0.433162
0.439650
0.811024
0.621178
0.139269
0.097452
0.025991
0.037076
0.035705
0.504344
0.482837
0.863982
0.160848
0.670791
0.265080
0.674131
0.436249
0.458015
0.290307
0.780545
0.690659
0.213278
0.258747
0.993582
0.239300
0.794468
0.474711
0.983247
0.498480
0.136097
0.396566
0.931641
0.575747
0.207590
0.552819
0.715017
0.305042
0.578811
0.752093
0.340747
0.083154
0.234930
0.204729
0.244002
0.905721
0.469809
0.918133
0.341969
0.927824
0.208441
0.122514
0.618483
0.421719
0.381261
0.612065
0.661019
0.175729
0.086776
0.644266
0.674209
0.222874
0.040832
0.605850
0.798621
0.248422
0.158669
0.513638
0.553464
0.737479
0.265731
0.894212
0.820634
0.500660
0.098941
0.064636
0.406381
0.568749
0.982769
0.748350
0.496574
0.191210
0.870864
0.115056
0.612929
0.252126
0.727121
0.273948
0.427855
0.813898
0.918214
0.102063
0.036771
0.959047
0.707913
0.835393
0.207469
0.866582
0.349030
0.760934
0.604061
0.614761
0.655145
0.424695
0.115422
0.754086
0.489331
0.521803
0.322836
0.472100
0.270153
0.819409
0.663310
0.141017
0.934465
0.276240
0.393143
0.661587
0.550188
0.820998
0.475485
0.468403
0.923061
0.512256
0.427449
0.630974
0.347649
0.634919
0.497556
0.696679
0.395852
0.101617
0.311440
0.050998
0.526312
0.426862
0.805084
0.015642
0.948665
0.127920
0.487743
0.218818
0.947329
0.151053
0.359835
0.881794
0.427293
0.752978
0.543381
0.977481
0.573976
0.018866
0.445884
0.497037
0.531122
0.873333
0.128011
0.878771
0.508252
0.625566
0.575450
0.904104
0.727183
0.886891
0.955102
0.253494
0.313753
0.760186
0.269137
0.262418
0.888106
0.756879
0.481236
0.835435
0.907932
0.841071
0.717230
0.335225
0.594049
0.260611
0.312706
0.168025
0.279477
0.758590
0.665062
0.810599
0.631923
0.793072
0.689371
0.140175
0.418638
0.264821
0.044279
0.145821
0.151712
0.999381
0.399316
0.465465
0.759568
0.668453
0.727882
0.647674
0.425332
0.209118
0.483109
0.333264
0.050189
0.200338
0.668490
0.644237
0.460949
0.981196
0.812262
0.740426
0.739786
0.477324
0.551026
0.371709
0.270396
0.240396
0.511884
0.689035
0.505217
0.556163
0.834856
0.656929
0.555544
0.234172
0.122394
0.315112
0.902624
0.850276
0.962786
0.327956
0.059394
0.445894
0.661221
0.109582
0.646233
0.329711
0.753820
0.107182
0.310907
0.566082
0.847608
0.050693
0.043406
0.398634
0.422403
0.313802
0.639030
0.934287
0.002836
0.144247
0.490450
0.837692
0.801176
0.045994
0.071864
0.923570
0.361106
0.974488
0.773846
0.323892
0.302444
0.833239
0.769787
0.963665
0.942822
0.416019
0.293376
0.696641
0.523201
0.604282
0.262723
0.370809
0.654976
0.306129
0.769442
0.077378
0.619931
0.408472
0.011665
0.622768
0.552720
0.502115
0.460460
0.353896
0.548109
0.532324
0.277466
0.909216
0.506812
0.051311
0.233108
0.809257
0.884550
0.002895
0.772922
0.827372
0.418914
0.066297
0.524013
0.942115
0.670580
0.786737
0.312923
0.325555
0.092866
0.082366
0.402933
0.712797
0.490838
0.414598
0.335565
0.043558
0.916713
0.796025
0.397454
0.464823
0.328349
0.674920
0.374039
0.835161
0.726231
0.607147
0.644417
0.610781
0.610042
0.417339
0.438153
0.028955
0.483636
0.962167
0.971070
0.154216
0.748904
0.283993
0.479771
0.841770
0.366359
0.882705
0.554567
0.857198
0.297303
0.890132
0.900756
0.214017
0.686156
0.298210
0.678839
0.014505
0.973129
0.052878
0.849666
0.699360
0.660025
0.494083
0.310142
0.270067
0.911422
0.748295
0.299022
0.395059
0.710462
0.270092
0.549275
0.459365
0.554085
0.029046
0.301135
0.920445
0.911750
0.855702
0.777643
0.209053
0.745833
0.678398
0.423070
0.431990
0.976608
0.101909
0.446494
0.949738
0.154788
0.296160
0.649098
0.814813
0.790244
0.959240
0.084880
0.701666
0.707534
0.383902
0.096725
0.417996
0.653994
0.646000
0.877362
0.208079
0.675045
0.178496
0.128524
0.586796
0.034198
0.906167
0.795849
0.780031
0.584565
0.218919
0.212021
0.561173
0.320828
0.658516
0.510911
0.475616
0.954676
0.160009
0.290429
0.744920
0.119248
0.375308
0.446586
0.826783
0.759210
0.543311
0.244779
0.413204
0.189311
0.122141
0.621283
0.864356
0.300637
0.749807
0.451152
0.334835
0.655974
0.247001
0.114867
0.240539
0.465919
0.326888
0.801712
0.786748
0.985403
0.312623
0.262363
0.940079
0.472632
0.552792
0.684999
0.591881
0.928100
0.131585
0.418664
0.687310
0.674896
0.663443
0.100514
0.864207
0.785583
0.721797
0.728563
0.086220
0.471604
0.179714
0.421056
0.127578
0.426715
0.535923
0.368117
0.892634
0.862811
0.169829
0.679382
0.848214
0.482452
0.941745
0.788293
0.955084
0.494538
0.473292
0.546965
0.422638
0.604877
0.965628
0.109949
0.279773
0.629071
0.210463
0.143980
0.414654
0.932260
0.872542
0.500875
0.403865
0.052257
0.921931
0.531443
0.478971
0.457853
0.899560
0.371606
0.320664
0.069389
0.050988
0.168878
0.551841
0.992733
0.957171
0.506925
0.487271
0.430464
0.053890
0.909909
0.035341
0.019518
0.019857
0.315114
0.648589
0.230320
0.459094
0.063244
0.162580
0.331636
0.564118
0.566445
0.383893
0.486049
0.097888
0.862864
0.943902
0.997447
0.234470
0.264566
0.066836
0.285458
0.433444
0.618677
0.278191
0.390616
0.125602
0.765462
0.821080
0.179492
0.675370
0.856421
0.199010
0.695228
0.171535
0.847599
0.925548
0.630629
0.910843
0.088129
0.962266
0.474961
0.654574
0.346159
0.961010
0.752462
0.209023
0.904913
0.749909
0.443493
0.169479
0.816745
0.728951
0.602923
0.435422
0.007142
0.993539
0.561024
0.772604
0.814619
0.740516
0.447974
0.671040
0.939526
0.143202
0.842575
0.787126
0.068750
0.473204
0.697969
0.156879
0.435470
0.172930
0.811452
0.781629
0.133940
0.563914
0.990652
0.038853
0.313823
0.434146
0.208332
0.130568
0.163097
0.811255
0.565990
0.170239
0.804795
0.127014
0.942842
0.619414
0.867530
0.390816
0.290454
0.807056
0.534018
0.133029
0.594182
0.602768
0.606234
0.292151
0.759647
0.041704
0.465081
0.571099
0.823333
0.599021
0.135013
0.813985
0.637874
0.448836
0.248131
0.846206
0.579404
0.411227
0.657462
0.145395
0.581466
0.462256
0.272409
0.524308
0.081670
0.139939
0.915124
0.372124
0.946995
0.449142
0.505153
0.541178
0.051910
0.111387
0.833328
0.811557
0.153090
0.298409
0.382657
0.976423
0.897431
0.517670
0.790408
0.535305
0.966507
0.038539
0.381511
0.545911
0.449766
0.038973
0.691306
0.031231
0.501229
0.963714
0.555539
0.582900
0.103653
0.470663
0.955024
0.050649
0.919805
0.460177
0.591826
0.971715
0.571563
0.425155
0.783273
0.724654
0.723564
0.165929
0.701077
0.620995
0.683599
0.491485
0.156300
0.650106
0.530024
0.537811
0.196017
0.979790
0.576784
0.887323
0.011021
0.078014
0.851037
0.566560
0.660913
0.954690
0.037223
0.615937
0.005339
0.957028
0.076113
0.597165
0.928744
0.647677
0.022320
0.712016
0.372330
0.745884
0.877946
0.073407
0.366879
0.561545
0.564892
0.523179
0.211651
0.094916
0.060990
0.407668
0.074706
0.637774
0.294991
0.085727
0.715788
0.146028
0.652287
0.376701
0.100718
0.689510
0.992638
0.106056
0.646539
0.068751
0.703221
0.575282
0.716428
0.725541
0.287299
0.088758
0.471425
0.165245
0.162166
0.838304
0.726790
0.727058
0.361483
0.938441
0.821974
0.422473
0.346109
0.896680
0.060247
0.641100
0.982407
0.776035
0.787128
0.634694
0.152736
0.887845
0.324204
0.145374
0.993902
0.970742
0.214125
0.697123
0.546025
0.930553
0.422664
0.833324
0.019311
0.894089
0.998568
0.181477
0.732393
0.725358
0.908535
0.093875
0.663799
0.730510
0.516348
0.009908
0.627190
0.576595
0.651008
0.609597
0.352630
0.438136
0.244290
0.505366
0.325981
0.568494
0.650740
0.319882
0.539236
0.864866
0.017006
0.085261
0.795419
0.439670
0.918585
0.814730
0.333759
0.917153
0.996207
0.066151
0.642511
0.904743
0.160027
0.306310
0.635252
0.676375
0.316218
0.262442
0.252970
0.967226
0.872039
0.605600
0.405361
0.116329
0.110966
0.731342
0.684823
0.761707
0.051225
0.224060
0.626572
0.068230
0.309321
0.421991
0.507900
0.227905
0.236721
0.841659
0.145058
0.232928
0.907810
0.787569
0.137670
0.067837
0.093879
0.772923
0.744211
0.410097
0.035365
0.997181
0.377322
0.907404
0.602781
0.782684
0.023733
0.713747
0.514026
0.708556
0.475454
0.565251
0.932616
0.102026
0.633481
0.241936
0.524017
0.141381
0.469842
0.760737
0.983040
0.614900
0.993665
0.890850
0.402469
0.131336
0.958687
0.496348
0.904258
0.702899
0.906444
0.939623
0.700080
0.283767
0.847027
0.302861
0.066451
0.870760
0.016608
0.580477
0.579316
0.492062
0.145728
0.511932
0.594088
0.779209
0.753869
0.118104
0.920591
0.223710
0.878842
0.903631
0.838610
0.872507
0.794481
0.241079
0.003842
0.753169
0.737427
0.908101
0.456067
0.643871
0.847724
0.156147
0.927638
0.694751
0.459008
0.994088
0.565511
0.475616
0.574565
0.144828
0.967678
0.720293
0.656760
0.561766
0.499502
0.410629
0.679870
0.420093
0.634339
0.558712
0.323724
0.472949
0.431218
0.118205
0.714029
0.435061
0.871374
0.451456
0.343161
0.327441
0.095327
0.190885
0.483588
0.022964
0.885637
0.942596
0.017052
0.451148
0.418212
0.591617
0.595976
0.385890
0.311910
0.252735
0.947656
0.811413
0.663364
0.627526
0.231506
0.297703
0.186237
0.555230
0.770652
0.617456
0.673436
0.484681
0.052517
0.544810
0.936137
0.395678
0.872251
0.031463
0.586564
0.355839
0.054427
0.472200
0.298436
0.071480
0.923348
0.716648
0.663097
0.519323
0.102539
0.975008
0.772059
0.050194
0.786420
0.435423
0.677720
0.017926
0.733126
0.863958
0.573157
0.503778
0.481414
0.246592
0.988459
0.533930
0.791402
0.924596
0.929608
0.663653
0.956059
0.516172
0.019492
0.010486
0.988372
0.317928
0.081966
0.911720
0.034576
0.745063
0.431043
0.137115
0.720071
0.203102
0.187309
0.506492
0.638525
0.865029
0.524418
0.371651
0.728987
0.097575
0.875429
0.210401
0.344167
0.863888
0.744331
0.135569
0.788484
0.673939
0.799222
0.744543
0.190111
0.818714
0.755030
0.178483
0.136642
0.836996
0.090203
0.171218
0.582059
0.521246
0.308333
0.302130
0.724348
0.495642
0.808622
0.362873
0.360671
0.333040
0.734524
0.089658
0.430615
0.609953
0.300059
0.774782
0.473841
0.044390
0.910351
0.262325
0.718329
0.709572
0.006869
0.908440
0.528286
0.761898
0.086923
0.664928
0.598894
0.177126
0.836145
0.180953
0.698372
0.144478
0.483084
0.422721
0.640120
0.291706
0.785594
0.000790
0.624746
0.520118
0.090448
0.055361
0.130071
0.390507
0.830143
0.603913
0.434897
0.740493
0.866238
0.153226
0.450065
0.873107
0.061666
0.978351
0.635005
0.148589
0.643279
0.233899
0.325715
0.479424
0.414853
0.024088
0.623902
0.897937
0.446808
0.264021
0.189643
0.232402
0.264812
0.814389
0.752521
0.355260
0.869749
0.882592
0.745767
0.699892
0.486505
0.180664
0.440385
0.352743
0.333890
0.890450
0.225850
0.395556
0.868801
0.860856
0.544144
0.512080
0.094755
0.869860
0.991504
0.509608
0.893947
0.615406
0.407544
0.340755
0.879427
0.597187
0.573158
0.144239
0.411575
0.325679
0.499499
0.281325
0.208271
0.245267
0.981217
0.694776
0.425931
0.421602
0.047519
0.759821
0.312052
0.273370
0.155376
0.180854
0.134225
0.699521
0.692934
0.228980
0.569380
0.684438
0.738588
0.463328
0.299844
0.146132
0.804083
0.179271
0.743319
0.377241
0.323510
0.154895
0.702920
0.823010
0.436219
0.911191
0.068276
0.417436
0.605967
0.494207
0.839038
0.653486
0.254028
0.151090
0.926856
0.409405
0.331944
0.061081
0.108925
0.024878
0.290061
0.678306
0.709315
0.028649
0.141633
0.009159
0.174781
0.945716
0.188430
0.918101
0.322957
0.511940
0.072995
0.025877
0.334950
0.509215
0.937067
0.403226
0.926651
0.543034
0.897434
0.765689
0.196520
0.151462
0.916779
0.123375
0.560866
0.248723
0.184456
0.669792
0.273600
0.474517
0.348098
0.982916
0.503166
0.489731
0.992075
0.677948
0.435448
0.180505
0.596048
0.758405
0.692445
0.669043
0.784282
0.027395
0.178258
0.721349
0.430621
0.104909
0.264383
0.328055
0.870598
0.460903
0.479516
0.787377
0.584279
0.040383
0.036100
0.768735
0.710175
0.309700
0.243252
0.058272
0.292616
0.746419
0.548004
0.284691
0.424366
0.983451
0.465196
0.020415
0.741856
0.157641
0.689458
0.526138
0.185036
0.867716
0.247487
0.615657
0.972625
0.511870
0.943712
0.843223
0.972773
0.423228
0.630600
0.557052
0.463611
0.666700
0.325787
0.173785
0.976400
0.569039
0.232058
0.269016
0.315458
0.780061
0.553706
0.739824
0.763512
0.018902
0.760238
0.505368
0.176543
0.449696
0.031506
0.361579
0.317413
0.278993
0.977236
0.290038
0.790864
0.920948
0.133261
0.763637
0.344176
0.763860
0.320689
0.807787
0.430560
0.646475
0.981572
0.406960
0.215514
0.213630
0.675976
0.530972
0.993691
0.229682
0.270796
0.757203
0.248584
0.031034
0.262571
0.425128
0.480731
0.294078
0.786707
0.798143
0.573071
0.763943
0.088181
0.363935
0.684891
0.221441
0.127572
0.029067
0.985302
0.448260
0.836853
0.415862
0.094736
0.818425
0.822822
0.310250
0.032055
0.498798
0.841222
0.025746
0.728480
0.112017
0.782949
0.977064
0.143052
0.045520
0.402192
0.623782
0.339598
0.188899
0.421925
0.912669
0.952841
0.510106
0.276604
0.637732
0.731547
0.404175
0.666799
0.716849
0.852436
0.503652
0.132711
0.947171
0.322077
0.955533
0.257421
0.354132
0.454331
0.098643
0.379878
0.182811
0.210660
0.162826
0.159875
0.353711
0.208347
0.562067
0.977494
0.547945
0.750965
0.399419
0.460614
0.703807
0.909525
0.737217
0.341539
0.641072
0.141392
0.008337
0.357921
0.993828
0.511989
0.490632
0.940999
0.834066
0.446165
0.198420
0.188198
0.900495
0.297063
0.568076
0.083306
0.507722
0.730902
0.243181
0.861434
0.939249
0.805248
0.838928
0.487194
0.556213
0.238346
0.947807
0.260020
0.147871
0.685024
0.601559
0.788943
0.826417
0.609896
0.146864
0.820245
0.121885
0.637496
0.761244
0.955951
0.083660
0.959664
0.144149
0.984155
0.256726
0.712225
0.067461
0.764449
0.443127
0.310642
0.625883
0.382376
0.115889
0.464810
0.869569
0.672102
0.703157
0.817377
0.932122
0.851028
0.502401
0.533681
0.639971
0.328818
0.143576
0.786835
0.149062
0.265461
0.424330
0.910306
0.221412
0.507990
0.869970
0.365561
0.492146
0.126697
0.077786
0.559607
0.891146
0.520913
0.870249
0.517028
0.903289
0.986138
0.981839
0.772858
0.658241
0.684996
0.590235
0.590363
0.536023
0.092636
0.124044
0.175994
0.421453
0.267620
0.962829
0.570516
0.533081
0.387159
0.480822
0.754493
0.895149
0.350792
0.120054
0.387295
0.477489
0.197840
0.946902
0.368635
0.718753
0.817151
0.885663
0.622042
0.803290
0.867502
0.394900
0.461530
0.552498
0.985135
0.051893
0.088521
0.077770
0.175937
0.264515
0.499224
0.443557
0.227344
0.069740
0.976638
0.614502
0.550562
0.731131
0.509651
0.901354
0.851186
0.896946
0.378843
0.049026
0.843848
0.747478
0.767779
0.661000
0.633141
0.389821
0.464289
0.500643
0.784721
0.925820
0.053140
0.769855
0.977713
0.141661
0.847626
0.153650
0.406176
0.346849
0.597207
0.633520
0.416589
0.573845
0.248022
0.967151
0.304976
0.757673
0.868505
0.156162
0.654620
0.247348
0.205188
0.498468
0.994826
0.972967
0.159468
0.627967
0.362788
0.623757
0.128610
0.147508
0.549577
0.181751
0.917364
0.527290
0.323412
0.764990
0.680940
0.729588
0.111839
0.278147
0.363108
0.528428
0.851992
0.611130
0.495579
0.156968
0.368803
0.364084
0.313130
0.023423
0.611432
0.518318
0.521891
0.606258
0.491285
0.681359
0.234226
0.854073
0.305116
0.362836
0.001581
0.854692
0.544586
0.918945
0.381982
0.867998
0.683935
0.062922
0.597586
0.795774
0.341068
0.960694
0.324202
0.193060
0.571824
0.819781
0.350028
0.940627
0.183865
0.663157
0.964050
0.795297
0.181476
0.485941
0.401556
0.672761
0.167299
0.635781
0.526834
0.472415
0.998617
0.528415
0.327107
0.543203
0.447360
0.709089
0.411202
0.131295
0.772010
0.008788
0.927069
0.113078
0.969482
0.251271
0.306138
0.541305
0.071052
0.656166
0.481932
0.254917
0.319323
0.445982
0.050214
0.500799
0.931922
0.451770
0.173559
0.099222
0.087551
0.700393
0.571636
0.086168
0.228808
0.898743
0.629372
0.676168
0.607832
0.040573
0.807463
0.379842
0.049361
0.734532
0.492921
0.018842
0.985804
0.799059
0.560148
0.056856
0.455224
0.042080
0.311773
0.774547
0.488062
0.361987
0.275346
0.419985
0.813757
0.448905
0.519206
0.901308
0.149298
0.090843
0.987476
0.378106
0.989586
0.616848
0.054274
0.597418
0.657421
0.861737
0.977261
0.706782
0.596270
0.470182
0.725624
0.582073
0.269240
0.285772
0.638929
0.724465
0.327852
0.950701
0.499012
0.815914
0.312688
0.774358
0.235899
0.126445
0.223263
0.755105
0.027753
0.372561
0.845948
0.015229
0.750667
0.835534
0.632077
0.804941
0.432953
0.289498
0.666678
0.410213
0.996279
0.262947
0.880395
0.721903
0.845020
0.149635
0.007675
0.483949
0.874100
0.335527
0.434650
0.373112
0.151442
0.747339
0.147470
0.387341
0.873784
0.370734
0.142446
0.901537
0.743295
0.988394
0.916766
0.493962
0.823929
0.548842
0.298902
0.256881
0.838340
0.965580
0.667095
0.834619
0.228527
0.547490
0.556522
0.073547
0.697125
0.564197
0.557496
0.571225
0.899724
0.992146
0.944338
0.051166
0.739485
0.091808
0.438506
0.613269
0.462542
0.580952
0.514805
0.205837
0.569347
0.431571
0.699798
0.393275
0.980413
0.998700
0.650156
0.818753
0.964280
0.317251
0.653372
0.192807
0.864741
0.209894
0.266354
0.561866
0.774092
0.823850
0.133091
0.673816
0.815996
0.077429
0.724982
0.555481
0.169237
0.163488
0.168750
0.631779
0.744441
0.683555
0.837615
0.313787
0.115126
0.537413
0.707063
0.095539
0.536114
0.357219
0.914293
0.500394
0.674470
0.567665
0.693201
0.539211
0.777559
0.959555
0.101077
0.551651
0.783405
0.234168
0.225467
0.599401
0.311597
0.950449
0.154883
0.480834
0.113937
0.323633
0.112613
0.858378
0.007188
0.950228
0.172165
0.122313
0.487641
0.879227
0.217853
0.023755
0.236446
0.132145
0.524149
0.910917
0.699810
0.217350
0.450128
0.477370
0.176905
0.551205
0.029021
0.960310
0.785373
0.254488
0.559711
0.096970
0.204936
0.714594
0.577804
0.318873
0.038226
0.690417
0.177251
0.045414
0.640644
0.349416
0.167727
0.128286
0.228643
0.385580
0.152040
0.465089
0.517725
0.676189
0.376006
0.217536
0.893539
0.826134
0.694905
0.070443
0.377339
0.723926
0.030753
0.162712
0.978414
0.590464
0.259682
0.183350
0.305058
0.837486
0.502223
0.343284
0.527903
0.679474
0.388698
0.168547
0.028889
0.556425
0.296833
0.257532
0.942005
0.448873
0.722621
0.459730
0.125063
0.098627
0.677266
0.018602
0.924761
0.372171
0.089045
0.302100
0.096097
0.119798
0.464811
0.074511
0.710262
0.724493
0.257860
0.015320
0.561980
0.760084
0.358604
0.089883
0.439557
0.747302
0.258430
0.468446
0.303727
0.555263
0.725979
0.245732
0.004137
0.448600
0.705462
0.129199
0.547227
0.382728
0.147801
0.471988
0.754898
0.236846
0.774088
0.850995
0.356644
0.238899
0.925506
0.066906
0.963393
0.183366
0.082226
0.525372
0.943450
0.440830
0.615255
0.383007
0.188132
0.873685
0.851454
0.491859
0.428948
0.577432
0.737591
0.433085
0.026032
0.443053
0.562284
0.573259
0.825780
0.710085
0.045248
0.580679
0.946931
0.819336
0.431674
0.303575
0.058235
0.357180
0.370481
0.021628
0.540547
0.452708
0.547000
0.483997
0.893538
0.162256
0.867004
0.081670
0.035941
0.718458
0.573530
0.464889
0.295890
0.311121
0.897974
0.321922
0.754174
0.460259
0.895182
0.579954
0.170344
0.940430
0.160633
0.117275
0.759765
0.592307
0.420850
0.818000
0.949488
0.791331
0.839628
0.490034
0.244039
0.386629
0.974031
0.137577
0.548884
0.841035
0.219247
0.584825
0.559493
0.792777
0.049714
0.855383
0.103898
0.947689
0.177305
0.858071
0.407948
0.072487
0.438025
0.578292
0.012916
0.598658
0.695567
0.772682
0.190966
0.116417
0.590682
0.140453
0.907748
0.430311
0.630488
0.151788
0.816939
0.604519
0.289365
0.365824
0.445554
0.508612
0.950649
0.005047
0.301389
0.000363
0.860431
0.405287
0.948052
0.037736
0.263358
0.355999
0.110223
0.701384
0.934291
0.123139
0.300042
0.629858
0.895821
0.491008
0.746275
0.486503
0.631461
0.654023
0.916814
0.261949
0.805811
0.733753
0.866468
0.095175
0.099577
0.312022
0.603787
0.050225
0.317069
0.905176
0.050588
0.177500
0.310463
0.998640
0.215236
0.573821
0.354639
0.325459
0.275205
0.288930
0.448598
0.575247
0.918788
0.344419
0.066255
0.665062
0.830922
0.697716
0.319086
0.747736
0.959664
0.124896
0.481489
0.826132
0.220071
0.581065
0.138154
0.823859
0.631290
0.455223
0.729035
0.681878
0.632723
0.039498
0.680518
0.847959
0.613320
0.035157
0.173418
0.888525
0.324088
0.622015
0.463772
0.242875
0.966434
0.530027
0.907938
0.797356
0.227743
0.227023
0.545092
0.187407
0.351920
0.026581
0.013539
0.571991
0.607646
0.151693
0.395850
0.238936
0.606917
0.124885
0.920814
0.239640
0.164383
0.601333
0.087599
0.777702
0.636490
0.261017
0.666227
0.960578
0.883032
0.129999
0.203453
0.849467
0.660026
0.111391
0.646823
0.887769
0.338414
0.191915
0.075176
0.690334
0.218495
0.088716
0.262325
0.826141
0.240409
0.658174
0.065077
0.847326
0.783059
0.985891
0.086966
0.947442
0.587224
0.174565
0.725144
0.223714
0.435582
0.391371
0.184292
0.318614
0.521370
0.387745
0.168080
0.181397
0.499136
0.814903
0.069166
0.837550
0.006818
0.144342
0.527884
0.225313
0.233057
0.790209
0.051454
0.473466
0.448383
0.116531
0.320792
0.231442
0.102422
0.407757
0.178883
0.689647
0.582322
0.904027
0.913361
0.017903
0.295398
0.097653
0.336517
0.816769
0.485398
0.504598
0.998165
0.984534
0.319501
0.067331
0.822084
0.326319
0.211673
0.349968
0.551632
0.444730
0.140176
0.603086
0.918196
0.588559
0.719617
0.238987
0.820001
0.822040
0.646745
0.998885
0.511686
0.229067
0.902912
0.425047
0.246970
0.198310
0.522700
0.583487
0.015079
0.008098
0.088085
0.013244
0.992631
0.407586
0.080575
0.814715
0.733905
0.292247
0.164683
0.285537
0.736977
0.304860
0.888624
0.655173
0.893419
0.608241
0.894161
0.713420
0.430280
0.540905
0.712305
0.941967
0.769972
0.615216
0.367014
0.016942
0.813526
0.889713
0.600429
0.828605
0.897811
0.688514
0.841849
0.890443
0.096101
0.922424
0.705158
0.830006
0.214672
0.869841
0.115543
0.951649
0.174700
0.004167
0.606822
0.068119
0.612408
0.500983
0.781539
0.042688
0.041888
0.493844
0.984655
0.811860
0.109060
0.351668
0.828802
0.922587
0.241382
0.429231
0.751192
0.139193
0.117745
0.593041
0.029635
0.213846
0.515466
0.734793
0.043852
0.730138
0.604634
0.159395
0.681787
0.779335
0.163562
0.288609
0.847454
0.775970
0.789592
0.628993
0.818658
0.831481
0.122837
0.803312
0.643341
0.231898
0.154981
0.472142
0.154484
0.396362
0.901373
0.905676
0.535555
0.019118
0.498718
0.565190
0.232964
0.014184
0.299984
0.276816
0.744322
0.904618
0.436211
0.426108
0.683952
0.599773
0.714718
0.531406
0.375743
0.504310
0.160400
0.194400
0.335791
0.283237
0.997713
0.979131
0.515135
0.152693
0.451273
0.669619
0.549056
0.352647
0.575296
0.084611
0.371765
0.074013
0.649801
0.604729
0.088197
0.949784
0.881545
0.832519
0.854402
0.317756
0.258627
0.538354
0.917529
0.973345
0.069761
0.293271
0.477655
0.230160
0.487672
0.813446
0.513398
0.485385
0.792577
0.028532
0.638078
0.243850
0.698152
0.187133
0.596497
0.273447
0.271744
0.968262
0.347461
0.921545
0.572991
0.435658
0.871329
0.454536
0.268177
0.725732
0.772292
0.526804
0.264086
0.689821
0.500149
0.333847
0.983092
0.977804
0.564007
0.470764
0.791250
0.077405
0.956149
0.583827
0.105937
0.594226
0.827677
0.804089
0.781360
0.424174
0.077536
0.053104
0.392436
0.424997
0.974649
0.965427
0.860654
0.845978
0.419963
0.128831
0.571710
0.192255
0.655635
0.835796
0.882076
0.155784
0.169643
0.865168
0.133588
0.733650
0.335932
0.924838
0.811055
0.292081
0.508664
0.916992
0.886307
0.336341
0.721081
0.667667
0.760515
0.798617
0.720771
0.152951
0.223614
0.695420
0.118378
0.084268
0.541398
0.538341
0.213100
0.113108
0.730596
0.868735
0.948904
0.612672
0.024518
0.118547
0.477840
0.158106
0.852197
0.813772
0.082944
0.663252
0.105852
0.591608
0.580245
0.992159
0.927949
0.301326
0.659826
0.688464
0.099943
0.380597
0.841415
0.323557
0.076016
0.959793
0.407826
0.617414
0.498134
0.620925
0.730522
0.228730
0.489660
0.679427
0.841402
0.514178
0.797974
0.319241
0.672284
0.650171
0.133013
0.755228
0.313423
0.238865
0.346836
0.893668
0.231024
0.274785
0.194994
0.890850
0.963250
0.294937
0.271447
0.804665
0.618495
0.347464
0.764458
0.026320
0.964878
0.262593
0.647246
0.695400
0.491323
0.136905
0.374827
0.332725
0.651084
0.172801
0.651966
0.323368
0.822971
0.784979
0.078596
0.136395
0.023844
0.425433
0.030063
0.254869
0.700218
0.225057
0.145719
0.663467
0.519994
0.417166
0.468132
0.138489
0.764630
0.232590
0.164809
0.729508
0.495183
0.812055
0.424909
0.986506
0.948960
0.799736
0.319231
0.600043
0.972536
0.971197
0.923411
0.795508
0.756176
0.002008
0.931902
0.780021
0.427440
0.961965
0.034889
0.127658
0.187021
0.180609
0.791126
0.707015
0.597775
0.259258
0.845504
0.362405
0.491848
0.010313
0.091913
0.987031
0.822368
0.516822
0.973537
0.771327
0.316557
0.292767
0.371371
0.289093
0.263964
0.294782
0.084601
0.020140
0.296790
0.016503
0.800161
0.724230
0.978468
0.835050
0.851888
0.165489
0.015659
0.643014
0.872505
0.613434
0.902272
0.718009
0.975839
0.394120
0.728321
0.067752
0.381151
0.550689
0.584573
0.354688
0.322016
0.901130
0.647455
0.693387
0.190224
0.911419
0.988170
0.274824
0.931559
0.284960
0.291328
0.731720
0.009190
0.269796
0.566771
0.861078
0.435285
0.582429
0.504092
0.307789
0.195863
0.406364
0.025798
0.171702
0.800484
0.754119
0.239454
0.181635
0.304808
0.824027
0.536322
0.626825
0.725157
0.183777
0.320212
0.915381
0.095196
0.308382
0.190205
0.026756
0.593341
0.481533
0.758476
0.602531
0.751328
0.325247
0.463610
0.186613
0.907676
0.967702
0.494403
0.103539
0.374066
0.520200
0.275241
0.174550
0.274320
0.514695
0.356185
0.579128
0.338722
0.892507
0.205953
0.063879
0.076285
0.526165
0.979260
0.171481
0.834546
0.169465
0.198237
0.427887
0.650998
0.956713
0.030418
0.402327
0.281960
0.494028
0.588940
0.189636
0.461730
0.083342
0.293175
0.835796
0.603543
0.568416
0.010346
0.877863
0.083111
0.366531
0.456991
0.421833
0.259038
0.662943
0.485712
0.335323
0.189108
0.464972
0.506804
0.023654
0.634438
0.705040
0.451542
0.285436
0.661753
0.481960
0.687762
0.943713
0.975988
0.276702
0.133349
0.437718
0.360045
0.426524
0.273514
0.963588
0.994940
0.283860
0.841450
0.078052
0.650391
0.298441
0.499885
0.909429
0.961385
0.985598
0.244752
0.150493
0.450570
0.751555
0.174147
0.085008
0.456596
0.625688
0.370443
0.118349
0.107648
0.058206
0.062062
0.083636
0.334908
0.195411
0.521354
0.694953
0.621935
0.794868
0.658541
0.616876
0.078728
0.499991
0.694927
0.729119
0.798432
0.194813
0.638548
0.759817
0.180410
0.883299
0.910310
0.630980
0.634854
0.084457
0.715988
0.091450
0.710145
0.086431
0.209799
0.817794
0.144637
0.271861
0.901430
0.479545
0.467273
0.422785
0.174498
0.089208
0.217653
0.833039
0.706083
0.296381
0.333030
0.401011
0.025500
0.131463
0.595823
0.664048
0.891280
0.776234
0.547347
0.801590
0.407214
0.182201
0.886046
0.123201
0.273652
0.596192
0.209632
0.483451
0.413985
0.354269
0.755312
0.315416
0.833814
0.222585
0.738200
0.008313
0.311793
0.955853
0.841352
0.017876
0.252234
0.174382
0.418887
0.277734
0.305845
0.014710
0.941782
0.197125
0.790944
0.489129
0.998715
0.198157
0.671330
0.884761
0.321358
0.944982
0.480953
0.530991
0.428433
0.894938
0.885260
0.183745
0.210354
0.719074
0.406330
0.948554
0.727387
0.718122
0.904407
0.568739
0.735998
0.156642
0.743121
0.154885
0.434376
0.048966
0.169595
0.376158
0.246091
0.960539
0.865287
0.244806
0.158696
0.536618
0.129567
0.480054
0.481600
0.610520
0.011045
0.910032
0.505458
0.896305
0.093777
0.715812
0.615379
0.500107
0.664367
0.342767
0.218229
0.568774
0.911506
0.954228
0.725416
0.654627
0.109112
0.159792
0.703593
0.278707
0.535950
0.949685
0.239246
0.401237
0.194491
0.397942
0.937855
0.324058
0.877996
0.419455
0.934578
0.889041
0.329487
0.440036
0.785346
0.423264
0.155848
0.400726
0.923371
0.820215
0.743492
0.141600
0.388989
0.654998
0.095828
0.114405
0.309625
0.204940
0.274197
0.013218
0.483648
0.810147
0.962903
0.722894
0.211385
0.157393
0.120836
0.149240
0.481451
0.998832
0.568694
0.416029
0.887873
0.898181
0.856065
0.673219
0.321445
0.011913
0.073945
0.244816
0.832128
0.817437
0.386417
0.221117
0.472435
0.482245
0.335522
0.782060
0.687185
0.609719
0.795278
0.170833
0.419866
0.758181
0.893726
0.631251
0.915575
0.014562
0.780491
0.397026
0.013394
0.349185
0.813054
0.901268
0.247367
0.669119
0.574487
0.568812
0.681032
0.648432
0.813628
0.513160
0.465869
0.200045
0.734277
0.938305
0.682290
0.069799
0.720365
0.369474
0.679517
0.515643
0.540307
0.099384
0.273824
0.434033
0.730634
0.189399
0.448596
0.511125
0.586424
0.461990
0.860310
0.399479
0.363258
0.107677
0.068597
0.937745
0.676489
0.749629
0.586177
0.490117
0.262789
0.052046
0.690162
0.997066
0.990350
0.372452
0.066864
0.710715
0.741926
0.746382
0.226358
0.282233
0.845765
0.500183
0.716267
0.576399
0.689582
0.164862
0.087525
0.276006
0.626852
0.947835
0.675485
0.990110
0.055511
0.744082
0.927855
0.732000
0.493711
0.514031
0.222117
0.756500
0.566077
0.912279
0.753566
0.556427
0.284731
0.820430
0.267142
0.026657
0.566812
0.493501
0.308890
0.412577
0.993683
0.025157
0.988976
0.683265
0.190019
0.076501
0.959271
0.816872
0.024335
0.634756
0.806982
0.079847
0.378838
0.734836
0.811847
0.872549
0.248867
0.033964
0.629049
0.814944
0.946244
0.382615
0.371372
0.230975
0.203045
0.638514
0.257632
0.769856
0.132015
0.566522
0.182433
0.125698
0.591679
0.171409
0.808963
0.781698
0.247910
0.768234
0.598570
0.272245
0.402990
0.405551
0.352092
0.781828
0.140387
0.163939
0.654377
0.389254
0.197903
0.283426
0.204199
0.144147
0.666040
0.575570
0.375122
0.869085
0.214084
0.632754
0.638941
0.346099
0.199276
0.821374
0.471797
0.790955
0.992784
0.280760
0.572653
0.240693
0.048994
0.171222
0.512939
0.451984
0.576773
0.865031
0.233812
0.717160
0.028970
0.888188
0.106415
0.226874
0.171614
0.310613
0.371021
0.837655
0.886183
0.746142
0.706740
0.100268
0.378896
0.345681
0.446366
0.578172
0.167056
0.918163
0.369127
0.159839
0.198923
0.941779
0.400533
0.247918
0.113001
0.913471
0.699902
0.689775
0.778502
0.933714
0.406935
0.807472
0.821902
0.513350
0.034346
0.993516
0.823963
0.405366
0.831171
0.710147
0.151509
0.537911
0.810414
0.530405
0.883592
0.256780
0.108577
0.050647
0.174944
0.477703
0.210487
0.373867
0.419483
0.611019
0.621785
0.532484
0.524490
0.321687
0.222259
0.302993
0.255401
0.629194
0.110465
0.077303
0.142544
0.144810
0.070820
0.966507
0.550177
0.901990
0.676653
0.701685
0.439901
0.487067
0.232090
0.323493
0.743848
0.340667
0.374140
0.918792
0.818371
0.584627
0.292659
0.237853
0.195646
0.914444
0.770337
0.720137
0.236131
0.992596
0.023129
0.491532
0.621790
0.133594
0.568835
0.764333
0.278404
0.639655
0.730840
0.828581
0.541645
0.407494
0.530266
0.981547
0.894561
0.762357
0.305039
0.638409
0.103024
0.679180
0.557201
0.921395
0.263807
0.849860
0.159248
0.459453
0.764304
0.929586
0.179589
0.000436
0.922182
0.202718
0.491968
0.543972
0.336312
0.060803
0.308305
0.614716
0.700458
0.039145
0.443297
0.242104
0.446639
0.973563
0.223650
0.341200
0.735920
0.528690
0.979609
0.838944
0.207870
0.536810
0.760339
0.471676
0.386670
0.919587
0.931129
0.150975
0.849173
0.110718
0.151410
0.771354
0.313436
0.643378
0.315326
0.649748
0.704181
0.623631
0.264464
0.404640
0.662777
0.707761
0.646743
0.109416
0.681324
0.870394
0.450616
0.417244
0.399083
0.430225
0.256188
0.606953
0.967035
0.016527
0.078629
0.353705
0.936114
0.009758
0.504680
0.785287
0.120476
0.656090
0.556642
0.433912
0.299468
0.871968
0.083660
0.003649
0.495599
0.348124
0.408289
0.158376
0.055885
0.055032
0.267791
0.737210
0.925426
0.718407
0.154454
0.324509
0.148632
0.410643
0.931462
0.115667
0.427170
0.010091
0.469373
0.363284
0.019849
0.974053
0.148571
0.140325
0.630143
0.705213
0.574236
0.929611
0.577181
0.657896
0.933260
0.072780
0.006021
0.341549
0.231155
0.061906
0.396581
0.498947
0.799116
0.322006
0.217354
0.953570
0.646515
0.365986
0.364213
0.577977
0.481653
0.791382
0.588068
0.951026
0.154667
0.607917
0.925079
0.303238
0.748242
0.555221
0.008451
0.322478
0.484832
0.585631
0.980375
0.418092
0.658411
0.986395
0.759640
0.889566
0.048301
0.156221
0.388513
0.847417
0.478227
0.605867
0.800987
0.124742
0.971853
0.165199
0.702719
0.453506
0.956582
0.290788
0.404532
0.111248
0.898705
0.329611
0.414486
0.646947
0.884832
0.422937
0.969425
0.369664
0.008569
0.949799
0.787755
0.666980
0.936194
0.547395
0.556546
0.984495
0.703616
0.945059
0.831912
0.181843
0.550926
0.632899
0.306585
0.522779
0.798098
0.009304
0.976285
0.754680
0.300091
0.380817
0.865928
0.198796
0.710428
0.280415
0.845743
0.595259
0.703352
0.815167
0.964923
0.711921
0.764967
0.752678
0.378900
0.701161
0.300074
0.935446
0.685656
0.003690
0.880505
0.517568
0.185532
0.431431
0.150467
0.492117
0.954210
0.948565
0.501421
0.930495
0.703245
0.801512
0.311311
0.569173
0.000309
0.021739
0.849588
0.846051
0.616998
0.552940
0.661219
0.581921
0.264860
0.426185
0.334600
0.643761
0.127346
0.634674
0.579207
0.813003
0.638363
0.459712
0.330571
0.823896
0.891144
0.481038
0.316013
0.845354
0.429603
0.817434
0.775848
0.132848
0.618946
0.087159
0.702021
0.619255
0.108898
0.551609
0.465306
0.725897
0.104549
0.126525
0.307818
0.369409
0.552710
0.642418
0.013170
0.680056
0.277092
0.592377
0.493059
0.915455
0.052090
0.823630
0.739350
0.943233
0.304668
0.055363
0.788587
0.734271
0.872797
0.564435
0.867119
0.491743
0.651594
0.569140
0.110997
0.760492
0.120749
0.576303
0.486389
0.225298
0.702828
0.794207
0.594707
0.255538
0.436625
0.607877
0.935594
0.713716
0.200254
0.428653
0.629171
0.252343
0.252283
0.368522
0.195577
0.556951
0.423885
0.984163
0.291222
0.296681
0.548598
0.158341
0.788424
0.200192
0.727480
0.899421
0.960685
0.848229
0.475724
0.447074
0.073527
0.178552
0.241281
0.668234
0.434089
0.677906
0.276111
0.369684
0.391622
0.476365
0.798337
0.020793
0.728709
0.050620
0.389315
0.924285
0.607571
0.813199
0.908449
0.898793
0.109881
0.457047
0.057133
0.898305
0.657239
0.784614
0.797726
0.617924
0.632843
0.273450
0.064998
0.706370
0.452002
0.306278
0.374604
0.886091
0.984184
0.650716
0.255774
0.375806
0.127081
0.054111
0.396599
0.855789
0.104731
0.785914
0.780074
0.712302
0.599113
0.688523
0.611094
0.708994
0.145570
0.668227
0.607299
0.802809
0.452841
0.405025
0.420733
0.085684
0.678474
0.485731
0.792054
0.130476
0.792009
0.166659
0.016567
0.776193
0.817374
0.272341
0.151999
0.944455
0.326452
0.548598
0.800244
0.431183
0.334512
0.580319
0.143485
0.933625
0.268842
0.754579
0.642619
0.414411
0.422807
0.249918
0.217220
0.875648
0.654942
0.637953
0.961332
0.333417
0.123684
0.753386
0.463893
0.915693
0.920045
0.480459
0.691886
0.737419
0.752801
0.843884
0.681874
0.079253
0.392482
0.482118
0.510436
0.726994
0.062437
0.653921
0.660619
0.331278
0.408501
0.303238
0.745690
0.831308
0.553156
0.962910
0.706956
0.208098
0.600864
0.668287
0.541515
0.724547
0.421673
0.005408
0.640240
0.341718
0.485867
0.332126
0.079137
0.238668
0.176010
0.761011
0.317921
0.568493
0.243129
0.828357
0.295486
0.305565
0.482278
0.956105
0.636843
0.890779
0.259343
0.382533
0.722087
0.812499
0.345443
0.429043
0.020597
0.946307
0.097330
0.562112
0.670854
0.519004
0.567520
0.311095
0.860722
0.053386
0.643221
0.939858
0.292054
0.819231
0.700869
0.609975
0.387724
0.943997
0.438332
0.683210
0.249563
0.920610
0.639315
0.886406
0.811389
0.898659
0.268939
0.533477
0.711158
0.614382
0.962519
0.731755
0.560689
0.059849
0.293867
0.231543
0.578853
0.861387
0.542638
0.439575
0.914773
0.185858
0.379433
0.206827
0.005089
0.080302
0.816802
0.392813
0.024299
0.255133
0.076023
0.273862
0.175743
0.715339
0.160268
0.987133
0.613997
0.429207
0.520609
0.325155
0.043589
0.483128
0.056910
0.604278
0.542978
0.350777
0.835821
0.121831
0.212163
0.378458
0.561406
0.126936
0.564317
0.940838
0.333763
0.569406
0.021140
0.150565
0.962219
0.045439
0.405698
0.038242
0.319301
0.581442
0.753581
0.479569
0.568574
0.367578
0.908775
0.089183
0.692733
0.952364
0.572312
0.749643
0.556642
0.115290
0.100419
0.392463
0.237121
0.312583
0.770921
0.798526
0.439519
0.335238
0.739365
0.773282
0.904644
0.760505
0.923847
0.866863
0.805945
0.329546
0.905105
0.125246
0.910987
0.658686
0.604815
0.479562
0.026264
0.513590
0.568745
0.718996
0.465955
0.141057
0.468639
0.022596
0.256347
0.569059
0.415059
0.493468
0.881641
0.185980
0.291994
0.321160
0.521218
0.031359
0.094443
0.425861
0.791864
0.018290
0.292724
0.597809
0.347836
0.197830
0.723055
0.258823
0.856515
0.327870
0.738385
0.882779
0.841460
0.307130
0.601775
0.307415
0.448187
0.070415
0.330011
0.704534
0.639473
0.745070
0.198002
0.521114
0.931050
0.489996
0.842274
0.452267
0.521355
0.936717
0.878129
0.313220
0.955007
0.170853
0.911029
0.302843
0.368682
0.634084
0.561666
0.225198
0.961953
0.300051
0.107977
0.803414
0.607181
0.709752
0.110828
0.055368
0.780167
0.440839
0.759903
0.419640
0.185909
0.957905
0.940754
0.116958
0.447901
0.783029
0.569225
0.969256
0.719746
0.447354
0.282476
0.674752
0.618207
0.193505
0.977595
0.986889
0.827589
0.539261
0.212087
0.789542
0.839312
0.320064
0.592956
0.446493
0.029816
0.703784
0.501861
0.809983
0.144623
0.261763
0.229623
0.330532
0.219668
0.170377
0.447490
0.667569
0.953405
0.016715
0.636826
0.673151
0.464069
0.919302
0.347904
0.082276
0.112807
0.325499
0.069166
0.940395
0.864760
0.281253
0.729937
0.704071
0.601317
0.322893
0.150564
0.631133
0.026677
0.652425
0.441116
0.171300
0.914188
0.670738
0.501831
0.133856
0.841115
0.949321
0.801426
0.794521
0.966036
0.438251
0.467672
0.430106
0.357553
0.815575
0.512382
0.470360
0.141074
0.581548
0.410755
0.005834
0.862801
0.140692
0.709905
0.464118
0.463585
0.860468
0.095250
0.490262
0.512893
0.536366
0.661562
0.427081
0.207105
0.163393
0.560937
0.048220
0.112714
0.362363
0.842741
0.078750
0.800614
0.310413
0.508856
0.158167
0.125988
0.021238
0.628527
0.267062
0.602786
0.039282
0.272896
0.465586
0.179974
0.982800
0.929704
0.643560
0.843269
0.024954
0.133822
0.356162
0.561321
0.795383
0.783243
0.768425
0.958776
0.344180
0.816645
0.071490
0.706543
0.659386
0.150240
0.507157
0.969798
0.659096
0.665324
0.095787
0.680334
0.293851
0.362849
0.283119
0.333133
0.635744
0.748706
0.513108
0.618544
0.678410
0.156667
0.461813
0.703364
0.290489
0.817975
0.264685
0.085872
0.601217
0.033110
0.044648
0.945397
0.849755
0.116138
0.651940
0.509141
0.266377
0.159098
0.478940
0.925473
0.824422
0.574726
0.605807
0.118273
0.937575
0.888926
0.451406
0.573319
0.637632
0.964514
0.191863
0.316042
0.121181
0.653676
0.019406
0.411670
0.471651
0.284091
0.497542
0.072868
0.317201
0.542190
0.018266
0.166956
0.658328
0.670206
0.676097
0.924705
0.829304
0.155037
0.850178
0.653726
0.729763
0.455985
0.771999
0.667337
0.344911
0.223405
0.240656
0.982542
0.187919
0.432519
0.298584
0.309100
0.086195
0.317990
0.720770
0.557846
0.602081
0.218312
0.630714
0.919282
0.760502
0.648980
0.086238
0.418829
0.319186
0.762335
0.343534
0.148490
0.917371
0.193712
0.802215
0.647134
0.649697
0.574214
0.314471
0.994608
0.797619
0.555127
0.977150
0.985538
0.987647
0.275734
0.294638
0.073842
0.593724
0.015408
0.631688
0.195805
0.233720
0.262403
0.115087
0.994222
0.911383
0.201325
0.413051
0.230569
0.963659
0.756586
0.379059
0.881030
0.950298
0.181274
0.528164
0.599995
0.755488
0.842636
0.594603
0.553107
0.397763
0.571753
0.538645
0.385410
0.847487
0.833283
0.459252
0.441212
0.848691
0.090940
0.637017
0.082410
0.353343
0.752104
0.076632
0.264726
0.953429
0.489683
0.495296
0.917088
0.246269
0.874354
0.798118
0.196567
0.055629
0.326283
0.796562
0.811117
0.168918
0.391165
0.364224
0.566682
0.962917
0.902869
0.952091
0.810405
0.736152
0.411343
0.251616
0.584842
0.502284
0.888633
0.667253
0.855627
0.640737
0.743885
0.120354
0.594166
0.233568
0.615649
0.511254
0.479837
0.490004
0.309372
0.676404
0.545632
0.635654
0.472966
0.356749
0.804573
0.864130
0.720973
0.371254
0.827048
0.623842
0.323346
0.637453
0.359993
0.734689
0.889069
0.944836
0.236973
0.777702
0.612088
0.092601
0.418440
0.355973
0.212954
0.012606
0.589542
0.828604
0.523859
0.069379
0.318608
0.833231
0.745783
0.864240
0.468885
0.218749
0.220989
0.273458
0.082879
0.941962
0.644713
0.909927
0.565804
0.968058
0.547379
0.925797
0.702748
0.436448
0.870633
0.939721
0.214151
0.482721
0.032321
0.632591
0.838695
0.245276
0.645196
0.428236
0.073880
0.169055
0.497615
0.392487
0.002286
0.243398
0.256728
0.471171
0.462146
0.477717
0.744629
0.545025
0.419679
0.389342
0.454952
0.985483
0.357400
0.002332
0.911280
0.060148
0.438780
0.781912
0.999869
0.652931
0.264634
0.032190
0.285521
0.103328
0.277466
0.930718
0.531564
0.351346
0.099773
0.029180
0.743833
0.102059
0.272577
0.000561
0.573230
0.734724
0.478278
0.317859
0.279749
0.897957
0.707201
0.734701
0.883440
0.064601
0.737033
0.794720
0.124749
0.175813
0.576632
0.124618
0.828744
0.841266
0.156808
0.114265
0.944594
0.434274
0.044983
0.476158
0.785620
0.144755
0.505338
0.529453
0.246814
0.777915
0.530014
0.820044
0.512639
0.008292
0.137903
0.792388
0.906249
0.845104
0.527089
0.789689
0.909706
0.264122
0.584408
0.034455
0.439935
0.161041
0.159073
0.268679
0.002306
0.315882
0.382944
0.946900
0.750156
0.427927
0.423058
0.535776
0.572682
0.928396
0.065230
0.819496
0.706311
0.595244
0.639540
0.218949
0.603536
0.777444
0.011337
0.509785
0.622548
0.538427
0.299473
0.532254
0.802549
0.883882
0.566709
0.242484
0.044922
0.725782
0.511163
0.047228
0.041664
0.894107
0.994128
0.791820
0.322033
0.417186
0.327596
0.894716
0.345582
0.392826
0.714212
0.051892
0.988070
0.353752
0.270842
0.591606
0.131196
0.282179
0.101391
0.753744
0.820606
0.400864
0.285997
0.623155
0.284746
0.852706
0.865638
0.329668
0.578488
0.376801
0.376896
0.620152
0.270907
0.371025
0.411971
0.592941
0.788211
0.739568
0.487657
0.133793
0.132394
0.201869
0.185685
0.120463
0.555621
0.456527
0.712069
0.686817
0.738706
0.813460
0.440561
0.559312
0.214324
0.726558
0.182467
0.499070
0.579264
0.048105
0.828737
0.157752
0.424906
0.205634
0.777904
0.695813
0.576659
0.189875
0.288754
0.364869
0.929443
0.776411
0.498662
0.061837
0.978280
0.684348
0.182300
0.533901
0.140875
0.894369
0.220718
0.879581
0.707829
0.661278
0.438893
0.922153
0.387836
0.621360
0.421223
0.967101
0.669465
0.249960
0.124853
0.094371
0.455594
0.902757
0.790184
0.032252
0.092632
0.078939
0.397122
0.022075
0.855350
0.895784
0.083912
0.833629
0.580132
0.266212
0.367530
0.721006
0.160581
0.588248
0.600588
0.868411
0.249526
0.039481
0.790564
0.637362
0.660841
0.211786
0.604463
0.330306
0.461746
0.729316
0.424677
0.917340
0.632073
0.214861
0.949593
0.724705
0.293800
0.346714
0.746780
0.149149
0.242499
0.830692
0.982779
0.822630
0.096904
0.350309
0.543637
0.257486
0.938556
0.144224
0.125896
0.188082
0.183705
0.916460
0.825445
0.844546
0.128246
0.429908
0.174852
0.589993
0.159223
0.599529
0.507333
0.791296
0.814390
0.456925
0.516001
0.108190
0.803640
0.262781
0.257339
0.046138
0.093474
0.240118
0.868768
0.190378
0.590427
0.412405
0.447864
0.528983
0.556629
0.573760
0.717066
0.740334
0.490220
0.542510
0.584880
0.618466
0.972418
0.759732
0.208459
0.131641
0.359261
0.715792
0.922937
0.173651
0.172717
0.438938
0.281840
0.976357
0.701719
0.539180
0.022495
0.795193
0.779298
0.891263
0.985571
0.369725
0.303669
0.433434
0.898708
0.860298
0.007194
0.615773
0.600632
0.497414
0.158283
0.185512
0.115881
0.130701
0.945244
0.324340
0.262342
0.304505
0.040132
0.185279
0.478156
0.212849
0.624217
0.759996
0.189205
0.325936
0.299176
0.211700
0.121129
0.078474
0.102964
0.106700
0.448198
0.406632
0.540134
0.346906
0.266930
0.547329
0.962679
0.867562
0.044743
0.120963
0.053075
0.160624
0.251664
0.998319
0.484964
0.514006
0.302824
0.525095
0.699285
0.780980
0.737944
0.323502
0.540976
0.927150
0.649439
0.840152
0.138850
0.770568
0.918626
0.241814
0.877268
0.366824
0.648446
0.417402
0.713730
0.915376
0.964731
0.676409
0.782938
0.009474
0.797372
0.836013
0.170098
0.049036
0.834332
0.655062
0.563042
0.137156
0.180157
0.262327
0.918136
0.918101
0.585829
0.459112
0.845251
0.235268
0.299264
0.984101
0.005837
0.217890
0.225914
0.883105
0.584714
0.874360
0.300507
0.298445
0.789736
0.265238
0.974854
0.572674
0.274712
0.772226
0.408688
0.444810
0.821262
0.243020
0.099872
0.384304
0.380176
0.280029
0.646630
0.298312
0.198131
0.232460
0.757425
0.043382
0.467728
0.056689
0.027483
0.473565
0.274579
0.253397
0.356670
0.859294
0.127757
0.657177
0.157738
0.917494
0.922415
0.132592
0.490168
0.197128
0.904818
0.898856
0.641938
0.726080
0.141875
0.741810
0.110384
0.522051
0.021839
0.757014
0.820364
0.219970
0.989474
0.577788
0.263352
0.457202
0.634477
0.290835
0.930767
0.909057
0.544232
0.287437
0.768350
0.671989
0.944614
0.926089
0.589483
0.867030
0.058681
0.079651
0.064157
0.963499
0.978506
0.706095
0.689580
0.120382
0.447905
0.799963
0.642433
0.469745
0.556978
0.462797
0.689715
0.546452
0.040585
0.953067
0.003654
0.675062
0.243902
0.934421
0.584119
0.788134
0.221858
0.352470
0.460123
0.166473
0.278558
0.049606
0.033502
0.337239
0.129257
0.097660
0.300739
0.107764
0.803755
0.990318
0.228145
0.251660
0.790282
0.870579
0.721405
0.347259
0.333375
0.411120
0.893711
0.373960
0.364187
0.897365
0.049023
0.608089
0.831786
0.633142
0.396223
0.053645
0.985612
0.856346
0.220117
0.264170
0.905952
0.253620
0.601409
0.035209
0.351279
0.902148
0.142973
0.155034
0.892467
0.371118
0.406695
0.682748
0.241697
0.128099
0.030008
0.575072
0.539219
0.923719
0.949033
0.903406
0.821084
0.998056
0.511495
0.652870
0.631198
0.907717
0.706514
0.616809
0.764063
0.926632
0.880979
0.670015
0.180252
0.482388
0.705225
0.531531
0.384536
0.848198
0.686565
0.277003
0.219316
0.093260
0.959751
0.461013
0.221359
0.989759
0.036085
0.760579
0.913478
0.985118
0.663985
0.734561
0.983173
0.175479
0.387431
0.614371
0.083197
0.093945
0.231180
0.847260
0.020577
0.112159
0.517275
0.200829
0.594548
0.222500
0.732360
0.979084
0.070698
0.418925
0.256087
0.290014
0.512186
0.215838
0.751027
0.733545
0.205597
0.787112
0.494124
0.119075
0.772230
0.158108
0.853636
0.755403
0.333588
0.241068
0.369774
0.416784
0.335013
0.600955
0.264044
0.355590
0.713114
0.781320
0.556419
0.307662
0.003820
0.288779
0.286746
0.074518
0.707705
0.542833
0.364532
0.219890
0.758671
0.115559
0.953435
0.964269
0.902671
0.447559
0.083344
0.674901
0.605667
0.936981
0.430304
0.939255
0.178048
0.800078
0.356039
0.513061
0.401033
0.620083
0.868651
0.114148
0.401403
0.425071
0.421809
0.405223
0.713850
0.708556
0.479741
0.421555
0.251389
0.844272
0.641445
0.010060
0.959831
0.594880
0.974329
0.862502
0.042439
0.057673
0.537402
0.648106
0.994653
0.967706
0.587361
0.172701
0.767785
0.943400
0.685763
0.168818
0.563483
0.554414
0.282965
0.964886
0.979484
0.704775
0.370108
0.693334
0.413330
0.849849
0.114889
0.664719
0.694121
0.756334
0.674779
0.653952
0.351214
0.649108
0.516454
0.393653
0.706781
0.053856
0.041759
0.701434
0.021562
0.629119
0.874136
0.789347
0.572519
0.559898
0.958165
0.136002
0.114312
0.241130
0.100887
0.093796
0.945905
0.470996
0.787131
0.359236
0.320845
0.902019
0.023955
0.014966
0.658353
0.698734
0.668918
0.009567
0.347842
0.185372
0.403220
0.054622
0.239228
0.444978
0.756056
0.260791
0.074097
0.630192
0.050137
0.646616
0.190090
0.008302
0.782618
0.304402
0.249433
0.883505
0.398198
0.195338
0.354501
0.185329
0.554573
0.675346
0.087348
0.578528
0.690312
0.745702
0.277262
0.359230
0.755268
0.625103
0.544602
0.158488
0.679725
0.783830
0.603466
0.435782
0.044621
0.677563
0.065974
0.094758
0.324180
0.256064
0.103061
0.106798
0.560466
0.352493
0.990303
0.958664
0.547831
0.344804
0.143993
0.102404
0.020150
0.231342
0.680932
0.710461
0.977043
0.958193
0.069691
0.732312
0.583297
0.614294
0.890800
0.263022
0.398124
0.494266
0.698804
0.442745
0.171829
0.764777
0.537504
0.496009
0.020841
0.640564
0.602806
0.581307
0.993058
0.593109
0.539971
0.540888
0.937913
0.683964
0.643293
0.958063
0.915306
0.324225
0.668524
0.892349
0.282418
0.738216
0.624661
0.865715
0.352510
0.515461
0.128736
0.750634
0.009726
0.827540
0.193379
0.181555
0.592317
0.730882
0.677564
0.613159
0.371446
0.280370
0.194466
0.364504
0.873480
0.734437
0.905392
0.811393
0.418402
0.548685
0.769456
0.333708
0.872910
0.437980
0.226057
0.155328
0.176196
0.850718
0.021042
0.528706
0.366178
0.149779
0.279339
0.375904
0.977319
0.472718
0.557460
0.569636
0.203600
0.235024
0.182795
0.575046
0.515394
0.377261
0.939550
0.388873
0.111698
0.844943
0.200266
0.530099
0.393628
0.969722
0.863807
0.266538
0.407702
0.089864
0.421865
0.583898
0.940582
0.442908
0.112604
0.306760
0.592686
0.391943
0.682665
0.570005
0.864661
0.240124
0.139641
0.068261
0.475148
0.322436
0.643307
0.990542
0.699697
0.582858
0.379415
0.811395
0.427801
0.579681
0.341494
0.821429
0.549403
0.205301
0.087966
0.957105
0.295165
0.509832
0.541003
0.235747
0.952739
0.653607
0.542507
0.545426
0.045550
0.225172
0.115431
0.910211
0.465296
0.255072
0.978472
0.940444
0.577509
0.621779
0.930986
0.277206
0.204637
0.310401
0.088600
0.632438
0.890082
0.430094
0.453866
0.439485
0.635395
0.541833
0.396590
0.930560
0.051664
0.937594
0.166307
0.004404
0.591201
0.708814
0.549829
0.636751
0.933986
0.665260
0.546962
0.399282
0.920333
0.525434
0.339725
0.497841
0.147213
0.270711
0.775047
0.351850
0.581112
0.863647
0.984287
0.471194
0.293741
0.438154
0.910679
0.929137
0.979986
0.307269
0.859697
0.031651
0.244863
0.026005
0.036054
0.836064
0.734819
0.585884
0.472815
0.668805
0.251144
0.019777
0.068086
0.171477
0.545211
0.407811
0.669318
0.692424
0.678522
0.444365
0.044274
0.259634
0.308012
0.028561
0.730827
0.601753
0.466715
0.641506
0.530890
0.446701
0.948775
0.390588
0.478352
0.193638
0.416592
0.514406
0.029703
0.151411
0.100290
0.502518
0.820216
0.351434
0.522295
0.888302
0.522911
0.067506
0.296113
0.192229
0.759929
0.974635
0.636594
0.804203
0.234269
0.944605
0.832764
0.965096
0.546359
0.299479
0.606602
0.077249
0.746180
0.555378
0.467837
0.224532
0.749016
0.884429
0.738938
0.778719
0.035840
0.839228
0.281236
0.856056
0.190662
0.803531
0.744357
0.713572
0.871036
0.040471
0.905801
0.630966
0.015106
0.542395
0.435169
0.249375
0.487000
0.267933
0.214471
0.033359
0.567412
0.821074
0.110608
0.313592
0.376451
0.578444
0.538124
0.125467
0.462873
0.277062
0.904186
0.498713
0.116289
0.185422
0.354769
0.306951
0.988953
0.099126
0.020523
0.859990
0.139597
0.926325
0.490956
0.154703
0.468719
0.926124
0.404078
0.955720
0.194058
0.618549
0.989078
0.761470
0.439623
0.099686
0.075062
0.816074
0.678131
0.613186
0.941541
0.141004
0.890248
0.845727
0.639717
0.006537
0.031149
0.994486
0.313488
0.020102
0.093612
0.334011
0.880092
0.233209
0.260336
0.371048
0.387912
0.729055
0.297172
0.791990
0.684775
0.491230
0.410540
0.673853
0.252699
0.850162
0.773540
0.327761
0.666236
0.451670
0.940947
0.607777
0.592674
0.831195
0.453505
0.232391
0.837732
0.484654
0.226877
0.151220
0.504756
0.320489
0.485231
0.384848
0.553698
0.745567
0.755896
0.941611
0.474623
0.053068
0.733601
0.159398
0.544298
0.144141
0.833251
0.796997
0.994303
0.606791
0.124758
0.660539
0.058461
0.065705
0.268316
0.651135
0.896900
0.721821
0.883526
0.734632
0.206475
0.110402
0.885852
0.711231
0.430891
0.371083
0.096080
0.984589
0.116651
0.851976
0.926200
0.591273
0.905044
0.659801
0.750671
0.449342
0.803942
0.583923
0.246339
0.798244
0.190713
0.371097
0.458783
0.249175
0.436802
0.727100
0.900310
0.333702
0.448921
0.783835
0.068334
0.655396
0.894238
0.954186
0.366627
0.325129
0.325269
0.462706
0.309718
0.441920
0.314682
0.235918
0.033193
0.219726
0.895719
0.783864
0.669068
0.699661
0.367787
0.915407
0.497905
0.558500
0.286504
0.956688
0.807675
0.723306
0.683788
0.707985
0.057008
0.132709
0.491820
0.125343
0.788104
0.386057
0.079529
0.154731
0.711186
0.404798
0.617437
0.020904
0.846717
0.932119
