100
0.256822
0.879911
0.151846
0.152542
0.663775
0.820913
0.852202
0.031562
0.736320
0.350107
0.590062
0.022824
0.306796
0.397737
0.746130
0.990584
0.105722
0.803139
0.123292
0.597542
0.928481
0.911397
0.983599
0.008010
0.066128
0.694785
0.412807
0.683565
0.715689
0.259525
0.615684
0.972512
0.139435
0.767530
0.125053
0.803210
0.588443
0.977256
0.834772
0.324764
0.327363
0.424834
0.347588
0.634158
0.822571
0.093718
0.624742
0.928293
0.896857
0.748034
0.525834
0.825338
0.659431
0.509433
0.833348
0.725559
0.204218
0.246155
0.409124
0.919908
0.505680
0.024808
0.892419
0.645115
0.792338
0.017473
0.448325
0.380782
0.994728
0.283097
0.705546
0.322091
0.707931
0.053133
0.956249
0.530502
0.146851
0.580991
0.458795
0.043708
0.329025
0.984629
0.869046
0.988457
0.494063
0.702393
0.714015
0.698281
0.948548
0.123139
0.618189
0.454228
0.147948
0.510608
0.099343
0.940286
0.528081
0.547667
0.321068
0.522809
0.830764
0.026614
0.844900
0.538695
0.079747
0.801149
0.069197
0.226599
0.382140
0.527992
0.270307
0.711166
0.512621
0.139352
0.699622
0.006684
0.841746
0.413638
0.704965
0.790294
0.536777
0.323153
0.244522
0.684725
0.833761
0.343864
0.625011
0.361842
0.891532
0.946079
0.884651
0.722296
0.972693
0.729551
0.260991
0.052441
0.530700
0.330188
0.279039
0.912840
0.858180
0.549346
0.624006
0.370802
0.688698
0.323628
0.377486
0.530444
0.737266
0.082451
0.320737
0.274043
0.405604
0.565259
0.958767
0.239365
0.909123
0.583779
0.601207
0.800655
0.529858
0.485858
0.522950
0.502551
0.215409
0.783941
0.554992
0.746109
0.114130
0.834031
0.658949
0.972310
0.383377
0.282955
0.343112
0.072074
0.606584
0.720598
0.602518
0.343849
0.803049
0.923255
0.617892
0.208653
0.488514
0.576659
0.448018
0.397637
0.160438
0.049225
0.198292
0.690296
0.535083
0.721242
0.192847
0.750492
0.505184
0.747839
0.496601
0.619314
0.581870
0.155550
0.591624
0.965247
0.438506
0.934736
0.037321
0.045089
0.655334
0.639839
0.388939
0.458383
0.563094
0.006831
0.667035
0.051609
0.583490
0.115053
0.449246
0.743928
0.164278
0.647538
0.434224
0.699360
0.368780
0.627071
0.449852
0.873964
0.374910
0.946453
0.493277
0.956780
0.102004
0.084901
0.922027
0.540510
0.019637
0.959348
0.585599
0.674971
0.599186
0.974538
0.133354
0.162281
0.981369
0.800389
0.213889
0.564858
0.915442
0.663135
0.308786
0.079719
0.310673
0.743010
0.779080
0.679453
0.370081
0.228932
0.553416
0.744991
0.175385
0.046694
0.701771
0.277389
0.131595
0.623798
0.817899
0.151232
0.583145
0.403498
0.826203
0.182332
0.378036
0.959557
0.344613
0.359405
0.759946
0.558502
0.924263
0.675387
0.221637
0.233049
0.755106
0.532310
0.976059
0.534186
0.211763
0.346140
0.763118
0.765179
0.091131
0.938503
0.811873
0.792903
0.215893
0.943468
0.416700
0.033792
0.094700
0.999846
0.437290
0.920903
0.182178
0.815326
0.880460
0.526790
0.174731
0.640405
0.085292
0.098994
0.315792
0.306929
0.332043
0.070898
0.839239
0.308103
0.605084
0.051001
0.654243
0.368202
0.816180
0.745375
0.306706
0.628053
0.538277
0.522598
0.571521
0.954978
0.556390
0.666221
0.954824
0.993680
0.587124
0.137001
0.809006
0.467583
0.663791
0.983737
0.107988
0.749083
0.082730
0.423780
0.056012
0.414774
0.494679
0.895251
0.722877
0.099763
0.946252
0.377120
0.467966
0.762433
0.122494
0.774671
0.390486
0.660772
0.297270
0.962007
0.615749
0.853660
0.628228
0.570573
0.847340
0.215351
0.707574
0.656345
0.682934
0.371365
0.640082
0.790923
0.120448
0.722812
0.214703
0.176461
0.137586
0.709382
0.071711
0.860463
0.809145
0.017964
0.237582
0.277110
0.780396
0.360077
0.051782
0.170882
0.020848
0.349051
0.132889
0.636598
0.202711
0.761117
0.207171
0.050051
0.976468
0.914745
0.706396
0.659403
0.286110
0.346478
0.450325
0.406558
0.069290
0.665028
0.583019
0.206877
0.374410
0.654730
0.067339
0.183554
0.672694
0.304921
0.460665
0.453090
0.664998
0.512446
0.623973
0.685846
0.861497
0.756862
0.322444
0.064209
0.517979
0.529614
0.114259
0.494448
0.444359
0.820655
0.153850
0.730469
0.167133
0.604176
0.137027
0.236424
0.269204
0.720046
0.443300
0.643614
0.374777
0.510639
0.827168
0.047471
0.815561
0.287833
0.500561
0.480559
0.800279
0.124534
0.166405
0.661777
0.881396
0.488849
0.725985
0.399375
0.018463
0.840244
0.893823
0.462822
0.660900
0.047673
0.193291
0.828033
0.651849
0.330318
0.064457
0.921053
0.050364
0.507757
0.564667
0.425141
0.018397
0.391835
0.472611
0.833958
0.679668
0.973173
0.314516
0.479948
0.097707
0.480921
0.141724
0.979103
0.969770
0.867709
0.378478
0.988233
0.707954
0.272301
0.451055
0.368853
0.319974
0.644346
0.196887
0.971823
0.974664
0.261344
0.892876
0.025028
0.769101
0.457543
0.450169
0.787498
0.849378
0.922780
0.621456
0.529046
0.895952
0.935972
0.008994
0.993659
0.416894
0.150718
0.972762
0.386664
0.018428
0.351239
0.374897
0.726381
0.623540
0.825952
0.095235
0.943514
0.470298
0.292121
0.915336
0.444961
0.553465
0.808212
0.469989
0.322566
0.265755
0.920158
0.110065
0.115133
0.842938
0.731520
0.644179
0.738890
0.667493
0.653173
0.732549
0.084386
0.803891
0.705311
0.471050
0.822319
0.056550
0.845947
0.548700
0.680090
0.671899
0.643935
0.623604
0.142197
0.936056
0.538940
0.587158
0.489521
0.347152
0.057148
0.812088
0.612906
0.977306
0.922152
0.728039
0.820243
0.653673
0.372218
0.559134
0.321165
0.025391
0.291683
0.405552
0.829282
0.996994
0.876602
0.651601
0.053544
0.722549
0.200301
0.733634
0.394448
0.844236
0.357238
0.536645
0.780292
0.896178
0.123803
0.269813
0.243330
0.180950
0.081901
0.856236
0.158256
0.004053
0.584275
0.978499
0.657726
0.956493
0.537633
0.978891
0.981884
0.829316
0.384443
0.811166
0.826310
0.261045
0.462767
0.879855
0.983594
0.663068
0.613489
0.378042
0.507304
0.970727
0.914686
0.287596
0.866905
0.038489
0.557409
0.110234
0.219440
0.639310
0.966470
0.377696
0.643363
0.550745
0.356195
0.301089
0.507238
0.893828
0.279980
0.489122
0.723145
0.664423
0.300289
0.549455
0.925468
0.763056
0.429309
0.909061
0.426124
0.042798
0.287103
0.933428
0.013525
0.201789
0.221024
0.880429
0.240278
0.778433
0.990664
0.459718
0.417744
0.957134
0.837414
0.061107
0.507879
0.193608
0.362196
0.015117
0.087437
0.642177
0.504240
0.810581
0.306600
0.804529
0.360036
0.232068
0.567585
0.789346
0.141129
0.993709
0.832144
0.428232
0.927138
0.845669
0.630022
0.148162
0.726098
0.870300
0.926595
0.716762
0.330018
0.344339
0.673895
0.167431
0.405446
0.181774
0.361040
0.767642
0.196892
0.448477
0.409819
0.701132
0.259058
0.716419
0.505660
0.619094
0.948487
0.073245
0.408439
0.089616
0.066954
0.240583
0.517848
0.994092
0.086252
0.147870
0.142254
0.812350
0.018170
0.068849
0.529111
0.348188
0.413188
0.203007
0.515619
0.818634
0.384781
0.876659
0.586277
0.581673
0.325136
0.996096
0.282804
0.584194
0.712515
0.788464
0.203287
0.661002
0.861709
0.611727
0.750618
0.928663
0.852310
0.268466
0.922755
0.938562
0.416336
0.065009
0.750911
0.434505
0.133858
0.280023
0.782693
0.547047
0.483030
0.298312
0.365681
0.867811
0.174971
0.951958
0.449483
0.500107
0.948054
0.732288
0.084300
0.660569
0.520752
0.287588
0.321570
0.382462
0.899315
0.072188
0.311125
0.751625
0.340654
0.233880
0.690186
0.756989
0.298889
0.441098
0.191495
0.432748
0.721121
0.974188
0.979794
0.204150
0.272500
0.345475
0.071961
0.447471
0.297433
0.521444
0.947578
0.245487
0.253732
0.031878
0.906055
0.774484
0.319466
0.227626
0.156945
0.218780
0.299814
0.468070
0.970405
0.640468
0.701951
0.660591
0.397457
0.000840
0.101689
0.588952
0.433587
0.822809
0.563140
0.413382
0.026959
0.835639
0.758857
0.098920
0.283110
0.056290
0.620364
0.230688
0.301776
0.874096
0.262566
0.207832
0.648580
0.582031
0.435458
0.805525
0.800812
0.735272
0.273596
0.771216
0.375740
0.975546
0.431807
0.773197
0.976386
0.533496
0.362149
0.409974
0.356305
0.925289
0.823355
0.383264
0.760928
0.582212
0.482184
0.044039
0.638502
0.102549
0.274727
0.940278
0.976644
0.537292
0.148110
0.625224
0.119324
0.583568
0.430750
0.920135
0.318840
0.704345
0.691352
0.694579
0.679892
0.123159
0.467776
0.656278
0.656655
0.829926
0.066252
0.012960
0.755215
0.889607
0.396224
0.516143
0.471819
0.878409
0.560182
0.110321
0.980957
0.834908
0.050599
0.957602
0.372200
0.198709
0.582826
0.491524
0.782276
0.013576
0.411660
0.101116
0.717921
0.103011
0.795695
0.397813
0.226170
0.263472
0.054091
0.882825
0.093397
0.120343
0.895785
0.848612
0.009950
0.292009
0.364755
0.481769
0.170418
0.924936
0.592090
0.151375
0.759844
0.642688
0.108977
0.132045
0.841397
0.691802
0.623569
0.623673
0.705378
0.035229
0.724790
0.423299
0.138240
0.520485
0.821112
0.364410
0.783957
0.875202
0.247235
0.877354
0.995545
0.143020
0.725966
0.005495
0.435029
0.090721
0.487264
0.605446
0.015657
0.079354
0.756821
0.775502
0.722042
0.865798
0.907547
0.563439
0.557600
0.531116
0.187112
0.262978
0.566344
0.911902
0.686277
0.704584
0.432387
0.507389
0.068994
0.216344
0.382591
0.316229
0.093698
0.378136
0.459249
0.819664
0.383631
0.894277
0.910385
0.870895
0.499724
0.926043
0.950249
0.256545
0.701544
0.672291
0.122342
0.609091
0.235730
0.679943
0.140207
0.422842
0.942921
0.706552
0.334744
0.629198
0.411136
0.767131
0.136587
0.480130
0.983475
0.519178
0.796359
0.077173
0.897314
0.255608
0.896837
0.280945
0.149885
0.807222
0.151840
0.649609
0.733265
0.102089
0.906153
0.434809
0.774380
0.028496
0.043901
0.010110
0.708439
0.184108
0.432952
0.651359
0.890659
0.767696
0.280557
0.301795
0.534827
0.417144
0.781925
0.518302
0.936321
0.578285
0.595475
0.833635
0.833893
0.492312
0.114580
0.983778
0.299534
0.266420
0.633387
0.032799
0.368509
0.539540
0.467608
0.142889
0.568036
0.511508
0.152998
0.276475
0.695616
0.585950
0.927834
0.586275
0.353646
0.208391
0.888070
0.888473
0.625535
0.669996
0.406775
0.561857
0.248280
0.002250
0.395492
0.082173
0.494561
0.510072
0.065951
0.794095
0.776492
0.699337
0.826894
0.145001
0.238878
0.294502
0.287889
0.806914
0.806010
0.440888
0.083388
0.501626
0.026838
0.011222
0.087901
0.380484
0.219614
0.975972
0.268957
0.845149
0.645968
0.675732
0.407006
0.894248
0.677981
0.802498
0.976421
0.172543
0.312570
0.042372
0.966638
0.089061
0.741709
0.793532
0.234062
0.980587
0.088033
0.521952
0.787500
0.894043
0.962839
0.870889
0.395669
0.989677
0.882111
0.483571
0.370161
0.101725
0.459543
0.639117
0.946874
0.105510
0.314849
0.353880
0.999758
0.992831
0.156378
0.976179
0.165373
0.468947
0.018551
0.132011
0.558009
0.760260
0.925543
0.792071
0.740846
0.013576
0.314022
0.528347
0.907619
0.276861
0.399236
0.303288
0.266538
0.281347
0.786859
0.636699
0.383072
0.246402
0.275816
0.329946
0.351912
0.590665
0.683825
0.351670
0.583496
0.840203
0.327848
0.748869
0.309150
0.346399
0.880880
0.867159
0.106659
0.806423
0.659230
0.847505
0.819998
0.973252
0.375852
0.727617
0.250113
0.775087
0.030905
0.516652
0.056434
0.817764
0.153351
0.439506
0.064166
0.429167
0.769451
0.416077
0.019832
0.453277
0.767747
0.603328
0.293480
0.095595
0.352197
0.602630
0.441994
0.233078
0.469789
0.548653
0.039500
0.129018
0.396158
0.859499
0.102270
0.772010
0.587116
0.352384
0.547097
0.618021
0.869035
0.603531
0.435786
0.022386
0.043037
0.499952
0.451553
0.812488
0.916029
0.471385
0.265765
0.683776
0.074714
0.559245
0.779372
0.426911
0.161875
0.221366
0.659989
0.631664
0.770019
0.699489
0.760682
0.166177
0.558988
0.862953
0.938186
0.146104
0.215336
0.485284
0.764125
0.084372
0.088815
0.199911
0.106758
0.131852
0.699863
0.558311
0.944340
0.615892
0.029696
0.210105
0.299668
0.104410
0.769350
0.079039
0.531321
0.931225
0.300405
0.191310
0.562889
0.070424
0.890799
0.323571
0.236601
0.449786
0.186524
0.174787
0.595890
0.401860
0.660071
0.360015
0.486232
0.748886
0.559926
0.592990
0.880738
0.259789
0.151300
0.825078
0.875680
0.180997
0.035184
0.175348
0.285406
0.804534
0.254388
0.816727
0.735759
0.554793
0.008037
0.298647
0.625217
0.898835
0.622218
0.861818
0.348622
0.808742
0.036605
0.944512
0.210602
0.696676
0.304527
0.696834
0.445562
0.864453
0.289824
0.326300
0.124241
0.441124
0.151378
0.999922
0.622121
0.186562
0.175270
0.907527
0.991095
0.429658
0.724255
0.726854
0.984451
0.732291
0.025501
0.609668
0.631127
0.647720
0.471486
0.979748
0.456462
0.508091
0.924260
0.667064
0.204767
0.228787
0.363898
0.650329
0.093240
0.653722
0.976629
0.217481
0.094846
0.128007
0.217403
0.716967
0.314568
0.392672
0.624494
0.305664
0.822330
0.348749
0.032517
0.806780
0.081040
0.058019
0.416448
0.712167
0.705738
0.887934
0.691915
0.162200
0.396025
0.616175
0.829264
0.600792
0.844962
0.193162
0.251120
0.938202
0.846884
0.227749
0.155683
0.941730
0.355756
0.373085
0.658697
0.670324
0.765758
0.283191
0.975987
0.588088
0.631939
0.008505
0.394868
0.712979
0.066523
0.811316
0.425146
0.772262
0.699250
0.117062
0.934462
0.095275
0.733237
0.763726
0.696066
0.578199
0.956888
0.947187
0.516401
0.803772
0.174936
0.672084
0.745502
0.530691
0.045169
0.404198
0.201015
0.810927
0.687389
0.177002
0.399014
0.319328
0.185507
0.793882
0.032307
0.252031
0.605199
0.457453
0.024292
0.304449
0.574515
0.958754
0.399724
0.307752
0.722480
0.095790
0.885952
0.679367
0.042977
0.402353
0.483139
0.217913
0.074437
0.228641
0.748604
0.119606
0.632839
0.949619
0.930532
0.320228
0.126621
0.329547
0.639555
0.312128
0.123429
0.671863
0.564159
0.728628
0.129316
0.588451
0.033077
0.703831
0.547205
0.432800
0.011584
0.269685
0.528591
0.897535
0.949052
0.571568
0.299888
0.432191
0.789480
0.374324
0.660832
0.538084
0.493930
0.293671
0.487703
0.424462
0.613898
0.614324
0.754009
0.253454
0.926452
0.877438
0.925316
0.490611
0.606066
0.054632
0.079062
0.639143
0.758464
0.626268
0.071943
0.770047
0.895952
0.600534
0.667582
0.845004
0.172101
0.967470
0.277195
0.961581
0.341794
0.938027
0.499665
0.835724
0.231698
0.987368
0.260187
0.845596
0.601691
0.014195
0.099050
0.528144
0.891633
0.024366
0.018755
0.497699
0.078998
0.097817
0.136842
0.837462
0.724085
0.208785
0.607509
0.620037
0.809318
0.275092
0.465041
0.981420
0.242562
0.742237
0.943001
0.584356
0.680264
0.442666
0.420081
0.911962
0.430034
0.680267
0.757558
0.031725
0.694463
0.856608
0.559869
0.586096
0.880974
0.578624
0.083795
0.959972
0.676441
0.220637
0.797434
0.400526
0.429421
0.404943
0.020563
0.238740
0.680035
0.485604
0.220159
0.922597
0.227841
0.163160
0.506953
0.908106
0.605826
0.927034
0.820068
0.035860
0.607301
0.577626
0.067585
0.301764
0.434234
0.627454
0.887860
0.315208
0.206077
0.971655
0.275180
0.882518
0.192291
0.072614
0.283044
0.621713
0.477558
0.303607
0.860453
0.157593
0.789211
0.080612
0.080190
0.017053
0.243772
0.587143
0.925158
0.849598
0.514177
0.745226
0.885458
0.121478
0.322853
0.953043
0.423241
0.757087
0.580496
0.311101
0.072295
0.786574
0.282756
0.347475
0.669092
0.475047
0.420089
0.952136
0.096760
0.897647
0.255743
0.957212
0.055240
0.044954
0.037824
0.135429
0.062007
0.281596
0.722572
0.987165
0.131194
0.236749
0.732391
0.016652
0.358227
0.055244
0.969694
0.781468
0.812330
0.550191
0.092569
0.884625
0.336764
0.375325
0.232100
0.005856
0.850372
0.652189
0.957992
0.947131
0.549835
0.213734
0.904344
0.605075
0.258688
0.942168
0.740505
0.320695
0.223763
0.463077
0.307860
0.354957
0.699826
0.040251
0.371609
0.058053
0.095494
0.341303
0.839522
0.907825
0.891494
0.932091
0.792450
0.228258
0.307416
0.024549
0.234114
0.157787
0.676738
0.192106
0.104919
0.226573
0.405840
0.009262
0.831649
0.664528
0.951430
0.572153
0.985223
0.175193
0.035230
0.293082
0.530150
0.735056
0.333333
0.901759
0.793110
0.428827
0.243062
0.632631
0.336652
0.134556
0.564722
0.129102
0.362814
0.872137
0.153651
0.596928
0.029925
0.830389
0.789034
0.134843
0.056962
0.194874
0.144105
0.888611
0.859402
0.095535
0.460764
0.844625
0.270728
0.495994
0.137707
0.800878
0.231051
0.471040
0.702638
0.024161
0.899868
0.945700
0.656792
0.236520
0.080256
0.221514
0.365622
0.443070
0.093651
0.519273
0.039998
0.123576
0.349662
0.829032
0.258419
0.406624
0.023906
0.402525
0.295235
0.883308
0.498060
0.756000
0.727933
0.768788
0.251994
0.865640
0.569667
0.483045
0.336680
0.272304
0.507206
0.236548
0.218004
0.163997
0.473068
0.298260
0.385511
0.838690
0.741330
0.479162
0.357962
0.781328
0.602738
0.707624
0.610360
0.861157
0.114249
0.634266
0.263682
0.409484
0.517574
0.761742
0.165483
0.245507
0.530530
0.417478
0.111147
0.100197
0.900523
0.447827
0.372501
0.407728
0.684375
0.590505
0.571726
0.157443
0.888765
0.957237
0.996133
0.630095
0.436399
0.354095
0.411423
0.039137
0.061719
0.021783
0.900294
0.175968
0.656049
0.163977
0.585452
0.173623
0.925719
0.750935
0.419129
0.456249
0.168413
0.530276
0.556446
0.068935
0.978103
0.928947
0.476664
0.662478
0.519452
0.048389
0.819921
0.408217
0.005626
0.816054
0.038312
0.442024
0.170149
0.449736
0.481161
0.231868
0.471519
0.381456
0.407837
0.127568
0.545432
0.993288
0.301191
0.471151
0.744224
0.720320
0.927400
0.912636
0.250596
0.483846
0.981572
0.228699
0.412792
0.458235
0.891177
0.932244
0.506624
0.711098
0.340461
0.512250
0.527152
0.378774
0.954275
0.697301
0.828510
0.435436
0.929169
0.300029
0.816892
0.337006
0.427597
0.362324
0.330294
0.728788
0.833475
0.074518
0.449108
0.760875
0.987154
0.699704
0.244720
0.968726
0.928403
0.657513
0.426962
0.819580
0.589757
0.933586
0.530678
0.930218
0.445836
0.057830
0.308992
0.400111
0.755131
0.137502
0.835547
0.684300
0.437530
0.652438
0.021306
0.865127
0.014762
0.351600
0.593915
0.848237
0.426118
0.043022
0.609112
0.413272
0.742726
0.853832
0.381998
0.671130
0.511345
0.808960
0.490710
0.101102
0.742546
0.021388
0.031320
0.188382
0.079218
0.340313
0.588493
0.834348
0.477814
0.424039
0.518648
0.915345
0.076477
0.539954
0.780472
0.091240
0.891554
0.374386
0.939477
0.317672
0.417409
0.548589
0.730944
0.160135
0.402421
0.112943
0.831265
0.913766
0.921902
0.321974
0.014868
0.664448
0.343362
0.046188
0.852831
0.422580
0.386500
0.441323
0.256928
0.864315
0.865362
0.775577
0.779659
0.941840
0.315531
0.560131
0.033079
0.207085
0.934517
0.972556
0.524757
0.351926
0.521145
0.255701
0.512061
0.923566
0.368644
0.343326
0.837331
0.290546
0.665300
0.852199
0.954994
0.008662
0.898387
0.807825
0.431242
0.284887
0.249148
0.688170
0.149202
0.114511
0.463747
0.928862
0.056351
0.779278
0.488993
0.089430
0.986363
0.423510
0.061986
0.511120
0.775436
0.583131
0.766821
0.287497
0.506697
0.135464
0.630823
0.344028
0.426010
0.296123
0.196227
0.381005
0.304785
0.094614
0.188830
0.736027
0.379502
0.437978
0.424198
0.528704
0.552488
0.887945
0.457566
0.608839
0.667222
0.946559
0.698269
0.653585
0.370069
0.760255
0.164705
0.145505
0.343386
0.931525
0.433002
0.850083
0.066989
0.063825
0.194112
0.492999
0.359948
0.390339
0.874004
0.664733
0.484953
0.062833
0.400760
0.864455
0.500811
0.824957
0.393159
0.053299
0.712902
0.850725
0.662138
0.380124
0.797284
0.360407
0.033709
0.167353
0.120663
0.198414
0.312858
0.464049
0.129939
0.745861
0.314132
0.196928
0.809686
0.508244
0.689928
0.169633
0.898583
0.563932
0.834366
0.383536
0.626765
0.235126
0.247991
0.127576
0.060084
0.641151
0.180875
0.772986
0.491876
0.843014
0.153110
0.289160
0.203421
0.186819
0.456514
0.324084
0.385233
0.769372
0.788132
0.515173
0.515233
0.102265
0.712101
0.324918
0.610508
0.402029
0.494552
0.509091
0.965960
0.328918
0.892627
0.592725
0.564044
0.140618
0.720301
0.624127
0.781768
0.901177
0.397113
0.273645
0.744191
0.550223
0.562805
0.947612
0.737042
0.019319
0.271695
0.122275
0.788691
0.059828
0.637448
0.303924
0.162092
0.349549
0.628842
0.772601
0.751578
0.123393
0.281691
0.717538
0.452311
0.174318
0.310263
0.016354
0.314936
0.030564
0.640482
0.096704
0.931741
0.037594
0.370348
0.675932
0.587817
0.933153
0.623544
0.324859
0.952472
0.895239
0.447134
0.741163
0.955067
0.084582
0.045086
0.117159
0.434131
0.673928
0.889760
0.185708
0.797322
0.171451
0.903246
0.249633
0.345768
0.213509
0.265987
0.660704
0.244074
0.906469
0.757408
0.175815
0.944063
0.127756
0.851747
0.531880
0.060910
0.475290
0.856739
0.013382
0.370529
0.303873
0.754545
0.325596
0.388454
0.799631
0.442755
0.822585
0.473560
0.332514
0.008293
0.270881
0.503965
0.911539
0.520514
0.849734
0.125048
0.786501
0.510438
0.369121
0.692969
0.267846
0.544936
0.637032
0.395602
0.396683
0.168912
0.456512
0.871973
0.025651
0.469894
0.242502
0.329523
0.224438
0.568098
0.717977
0.024070
0.010853
0.540562
0.497629
0.343367
0.548855
0.768511
0.847332
0.460394
0.289024
0.697065
0.585442
0.075525
0.207503
0.954563
0.768494
0.475349
0.499499
0.405527
0.870951
0.896182
0.574439
0.327462
0.768156
0.600089
0.797356
0.010658
0.929612
0.021794
0.578756
0.647589
0.045864
0.589608
0.188152
0.543493
0.932975
0.737007
0.312004
0.780307
0.197400
0.601028
0.477373
0.782842
0.676553
0.684876
0.737405
0.445047
0.160224
0.236905
0.850574
0.031175
0.133087
0.425012
0.358637
0.901243
0.025102
0.155993
0.911900
0.954714
0.177787
0.490656
0.602303
0.223651
0.080264
0.790455
0.767145
0.013239
0.527461
0.079149
0.793546
0.724862
0.680177
0.270919
0.507704
0.356730
0.955794
0.245109
0.801778
0.116019
0.482014
0.652351
0.147193
0.615101
0.077364
0.505830
0.516343
0.102465
0.661823
0.428244
0.057179
0.839611
0.918899
0.659482
0.063262
0.999164
0.449937
0.830407
0.012403
0.977398
0.909556
0.805949
0.702260
0.589733
0.076868
0.209964
0.946463
0.032662
0.455072
0.748240
0.148681
0.937086
0.400592
0.295874
0.552187
0.477956
0.801705
0.068530
0.580421
0.463528
0.496774
0.637600
0.303139
0.415673
0.297082
0.366401
0.414837
0.747019
0.196808
0.427240
0.724417
0.106364
0.233188
0.426677
0.696097
0.310056
0.636641
0.642559
0.342718
0.091713
0.390800
0.491399
0.028799
0.791392
0.787274
0.580986
0.269348
0.588978
0.649516
0.849769
0.052506
0.146290
0.487369
0.355645
0.561963
0.784451
0.722046
0.976800
0.531471
0.918854
0.404040
0.255888
0.025217
0.637228
0.682565
0.721314
0.947284
0.319206
0.363873
0.290003
0.410919
0.754673
0.781402
0.439718
0.546065
0.568676
0.020704
0.815413
0.157654
0.670220
0.665181
0.210160
0.816510
0.152550
0.565806
0.378473
0.937002
0.287851
0.355273
0.468472
0.206705
0.759312
0.724360
0.231923
0.396540
0.406925
0.953237
0.343825
0.726130
0.317110
0.633827
0.137049
0.071784
0.415230
0.576767
0.617849
0.983905
0.597470
0.433261
0.141560
0.267690
0.098443
0.351720
0.084200
0.250993
0.917526
0.462672
0.187995
0.205377
0.817945
0.656467
0.412082
0.577257
0.380827
0.644005
0.973798
0.787752
0.597242
0.317623
0.513883
0.914352
0.951450
0.650932
0.986136
0.366680
0.227698
0.603985
0.350585
0.825169
0.037246
0.492145
0.092859
0.135689
0.843865
0.177058
0.386682
0.761391
0.639731
0.574677
0.966768
0.457676
0.231144
0.378850
0.034933
0.611971
0.022855
0.008731
0.399723
0.620097
0.326354
0.913606
0.534449
0.277804
0.564538
0.520585
0.644483
0.792236
0.124570
0.995069
0.617405
0.161816
0.487213
0.710263
0.297505
0.331078
0.887322
0.684187
0.092469
0.527052
0.258863
0.059236
0.984728
0.490008
0.438086
0.019661
0.101979
0.460942
0.028392
0.501702
0.081039
0.354746
0.415308
0.615488
0.632549
0.979846
0.136073
0.277033
0.772082
0.260643
0.272101
0.389487
0.422459
0.759315
0.099751
0.719963
0.090393
0.987072
0.404150
0.182862
0.514125
0.663013
0.242098
0.498853
0.153021
0.680184
0.518514
0.255000
0.141126
0.546906
0.756702
0.222165
0.901652
0.172010
0.837653
0.534201
0.151857
0.973726
0.811234
0.923939
0.234369
0.083336
0.313426
0.656827
0.842650
0.413177
0.376791
0.933043
0.400250
0.780940
0.115905
0.914374
0.443954
0.358002
0.413227
0.596974
0.038187
0.931741
0.851974
0.179312
0.478647
0.608676
0.401477
0.380299
0.780686
0.239129
0.914501
0.932543
0.212855
0.725735
0.856482
0.447224
0.809070
0.169908
0.104052
0.651721
0.583086
0.480842
0.584764
0.983335
0.261783
0.700668
0.897710
0.705736
0.058671
0.310937
0.302710
0.096857
0.242678
0.154684
0.276170
0.721325
0.763360
0.677647
0.101624
0.544046
0.916776
0.016125
0.476589
0.129631
0.741860
0.333071
0.576856
0.550930
0.502980
0.680907
0.202651
0.086065
0.161749
0.787415
0.069400
0.423532
0.488083
0.967110
0.129268
0.546754
0.278047
0.431978
0.643611
0.520725
0.586662
0.919781
0.242050
0.350022
0.597428
0.343674
0.894069
0.514204
0.359799
0.370658
0.643835
0.101659
0.703729
0.220691
0.652589
0.206708
0.901598
0.855240
0.292774
0.063347
0.642654
0.362174
0.486879
0.130737
0.329284
0.616146
0.677491
0.607331
0.048125
0.321102
0.128056
0.634787
0.240883
0.370106
0.984809
0.838311
0.713780
0.878878
0.352514
0.073579
0.249536
0.996349
0.175238
0.953265
0.217040
0.827827
0.159973
0.118638
0.683066
0.452747
0.181984
0.325721
0.814921
0.668863
0.456458
0.144205
0.285010
0.133949
0.751536
0.333134
0.455051
0.879591
0.967921
0.695934
0.249697
0.952731
0.534245
0.963476
0.831609
0.886759
0.037055
0.081145
0.883108
0.212293
0.034410
0.100148
0.040120
0.194383
0.218786
0.723186
0.647130
0.400770
0.048907
0.462051
0.069633
0.505365
0.606255
0.354643
0.639315
0.357791
0.687777
0.094366
0.237382
0.655698
0.790301
0.487079
0.608429
0.324546
0.450555
0.440038
0.211305
0.487611
0.521183
0.094413
0.699904
0.555593
0.194561
0.740024
0.749976
0.413347
0.463210
0.397106
0.814117
0.512117
0.859157
0.883751
0.017482
0.465412
0.238393
0.656797
0.823203
0.926171
0.751163
0.060585
0.581869
0.541464
0.547664
0.190298
0.866009
0.998219
0.630336
0.077314
0.485830
0.151519
0.171727
0.185734
0.707112
0.366288
0.925757
0.457088
0.779635
0.388967
0.854194
0.593753
0.901084
0.713350
0.477503
0.918566
0.178762
0.715897
0.575363
0.001965
0.642067
0.326527
0.062550
0.223936
0.867990
0.610214
0.414234
0.733999
0.608434
0.044570
0.811313
0.094263
0.196090
0.983040
0.279997
0.903202
0.349328
0.205754
0.360289
0.128964
0.594721
0.214483
0.722716
0.495805
0.927833
0.200219
0.414371
0.106595
0.916116
0.989735
0.108561
0.558183
0.316261
0.171111
0.782119
0.184251
0.781325
0.196353
0.918251
0.389759
0.240923
0.729564
0.484022
0.437013
0.712604
0.764019
0.340214
0.061933
0.969773
0.700504
0.190896
0.564494
0.914987
0.913612
0.060299
0.842820
0.113832
0.474670
0.949415
0.029948
0.464405
0.057976
0.588130
0.780666
0.229087
0.370249
0.964918
0.010412
0.566602
0.883168
0.400171
0.807526
0.612732
0.884193
0.244538
0.325337
0.648212
0.584753
0.387269
0.617986
0.285257
0.578165
0.182480
0.200243
0.491778
0.242779
0.043063
0.605609
0.717450
0.992478
0.635557
0.181855
0.050454
0.223688
0.962521
0.279541
0.593937
0.927438
0.289953
0.160539
0.810607
0.690124
0.968065
0.423339
0.574317
0.212603
0.748675
0.222529
0.797356
0.135945
0.840515
0.082613
0.714110
0.022995
0.282856
0.205888
0.265774
0.325919
0.811497
0.983224
0.318397
0.447054
0.165078
0.368851
0.670742
0.127599
0.648392
0.264679
0.055037
0.938344
0.425218
0.865644
0.628468
0.393283
0.288983
0.202785
0.605886
0.037658
0.425314
0.403242
0.173603
0.265829
0.485855
0.887713
0.288824
0.768711
0.093601
0.554598
0.094630
0.905098
0.537822
0.413027
0.352152
0.702900
0.781878
0.022894
0.830499
0.430270
0.287572
0.885536
0.368614
0.712790
0.751180
0.997082
0.106073
0.040163
0.199867
0.711959
0.077822
0.625181
0.115202
0.251425
0.891011
0.601057
0.139138
0.179835
0.369768
0.232738
0.734433
0.464398
0.137836
0.272255
0.877425
0.489988
0.975154
0.659304
0.512882
0.805653
0.089574
0.800454
0.691189
0.458188
0.513244
0.442369
0.455270
0.619317
0.482532
0.655137
0.331276
0.560354
0.280319
0.446478
0.811779
0.171329
0.047535
0.950916
0.351164
0.417303
0.183655
0.085597
0.881701
0.321491
0.357852
0.759126
0.811479
0.333006
0.418430
0.324360
0.138659
0.508004
0.124814
0.829848
0.966192
0.638058
0.272217
0.421462
0.257376
0.754750
0.076599
0.588652
0.315104
0.356918
0.035130
0.126883
0.528248
0.082665
0.077799
0.879412
0.499967
0.261454
0.965009
0.381668
0.582945
0.322861
0.140795
0.394423
0.655866
0.559225
0.718784
0.794525
0.067229
0.843598
0.624373
0.033421
0.481657
0.896591
0.454883
0.739032
0.651341
0.531482
0.327684
0.966445
0.888400
0.362814
0.093327
0.416648
0.445479
0.171127
0.296060
0.945446
0.432581
0.261069
0.327114
0.015526
0.583929
0.467909
0.409949
0.239796
0.027134
0.128733
0.034321
0.094363
0.972331
0.658695
0.127783
0.453987
0.555285
0.582666
0.193020
0.206626
0.114148
0.520704
0.173071
0.002549
0.883518
0.266398
0.419197
0.328997
0.437525
0.715257
0.274443
0.870106
0.976326
0.601558
0.885631
0.560255
0.069467
0.295580
0.800051
0.096601
0.424313
0.834372
0.190963
0.396644
0.493067
0.318747
0.850631
0.048352
0.901412
0.043651
0.254978
0.015561
0.564355
0.428049
0.018109
0.447873
0.694448
0.437306
0.776870
0.131973
0.152563
0.051313
0.002078
0.128889
0.652870
0.887710
0.689144
0.722337
0.183290
0.489195
0.818938
0.607603
0.323567
0.009901
0.004248
0.816634
0.328647
0.854879
0.864986
0.230060
0.898530
0.119964
0.245621
0.462885
0.548013
0.263730
0.910758
0.242461
0.701036
0.687628
0.374434
0.853599
0.738941
0.376512
0.982488
0.391811
0.264222
0.671632
0.114148
0.447512
0.160826
0.933086
0.055116
0.484393
0.942987
0.059363
0.301027
0.271634
0.914242
0.166013
0.501694
0.812772
0.285978
0.747315
0.275658
0.833991
0.011045
0.186416
0.076452
0.712081
0.874043
0.450886
0.565680
0.612984
0.827398
0.548168
0.004795
0.091620
0.219799
0.118943
0.539132
0.380626
0.052029
0.594248
0.865019
0.995015
0.653611
0.166046
0.266650
0.567853
0.332060
0.768344
0.380626
0.618037
0.515659
0.656283
0.452028
0.526703
0.842699
0.528480
0.238784
0.716742
0.979366
0.804464
0.329726
0.806763
0.352632
0.334521
0.898383
0.572431
0.453464
0.437515
0.953057
0.505493
0.031762
0.818076
0.500508
0.685373
0.984122
0.767158
0.253227
0.316182
0.535501
0.633853
0.934219
0.051160
0.290136
0.386247
0.577863
0.132835
0.914727
0.816648
0.849577
0.894093
0.621112
0.179303
0.700856
0.973744
0.513824
0.599239
0.546175
0.967288
0.036754
0.499232
0.472781
0.068516
0.317307
0.973289
0.753890
0.301430
0.740447
0.007116
0.617611
0.275948
0.640969
0.551830
0.327108
0.931105
0.938077
0.904971
0.063939
0.852804
0.721619
0.913516
0.746897
0.342731
0.092819
0.447753
0.316475
0.606643
0.046992
0.862649
0.573931
0.083745
0.361881
0.046712
0.152261
0.679188
0.020001
0.906151
0.980618
0.760447
0.913267
0.598229
0.036395
0.554236
0.150059
0.363503
0.485341
0.088136
0.268474
0.549280
0.940941
0.990093
0.462797
0.687837
0.332824
0.555616
0.135590
0.649298
0.162259
0.182582
0.511948
0.736190
0.266327
0.873829
0.782901
0.418588
0.553017
0.802902
0.324739
0.533635
0.563349
0.238007
0.131865
0.599744
0.792243
0.281924
0.963247
0.277584
0.370060
0.231721
0.826865
0.311001
0.221814
0.289661
0.998838
0.554638
0.845277
0.134428
0.203937
0.007536
0.317010
0.715884
0.743725
0.583337
0.589713
0.526627
0.001926
0.142730
0.329529
0.326665
0.676365
0.892878
0.564672
0.808230
0.492622
0.356915
0.090154
0.455870
0.634499
0.460214
0.687591
0.461364
0.771215
0.909406
0.751025
0.770053
0.464044
0.596302
0.904482
0.667980
0.603838
0.221492
0.383865
0.347563
0.804829
0.973578
0.874190
0.806755
0.116308
0.203719
0.133420
0.792673
0.096597
0.698092
0.600903
0.589219
0.055007
0.691057
0.045089
0.689507
0.151271
0.732680
0.150871
0.922486
0.642085
0.901896
0.692539
0.106129
0.498199
0.597021
0.774110
0.102037
0.818513
0.157974
0.449600
0.623341
0.131552
0.323790
0.430096
0.247860
0.527508
0.563516
0.040533
0.624105
0.261608
0.641436
0.213324
0.316615
0.332493
0.258413
0.006121
0.483764
0.991093
0.156992
0.406250
0.633178
0.058888
0.098789
0.739308
0.557087
0.695810
0.513417
0.659123
0.514323
0.671392
0.108723
0.137664
0.802944
0.432513
0.567760
0.050803
0.960021
0.131276
0.091336
0.584126
0.392884
0.732772
0.797451
0.709498
0.065265
0.055864
0.715619
0.549029
0.046957
0.872611
0.955279
0.680135
0.931499
0.054068
0.419443
0.488586
0.749878
0.932861
0.147709
0.264201
0.604252
0.256432
0.401865
0.407196
0.688945
0.969625
0.457999
0.648966
0.100901
0.549335
0.233092
0.493785
0.282107
0.030543
0.203283
0.347372
0.086407
0.918902
0.896401
0.133363
0.791514
0.851680
0.813499
0.723013
0.905748
0.232942
0.211599
0.655626
0.165802
0.359308
0.919827
0.770055
0.615740
0.321692
0.177251
0.304685
0.291317
0.635250
0.953651
0.392218
0.184585
0.186743
0.886003
0.466692
0.217286
0.089285
0.814063
0.303692
0.008188
0.710464
0.437055
0.799701
0.562144
0.250554
0.522714
0.467892
0.483496
0.734313
0.123518
0.649299
0.093621
0.043345
0.419353
0.709362
0.365037
0.596604
0.014047
0.656354
0.231854
0.967697
0.048572
0.416438
0.154440
0.934574
0.883130
0.371726
0.023860
0.697193
0.675418
0.032047
0.407657
0.112473
0.831748
0.969801
0.363027
0.354462
0.437693
0.846524
0.088776
0.561211
0.495822
0.182397
0.604555
0.915176
0.891758
0.969592
0.511780
0.905805
0.625946
0.743633
0.873502
0.674518
0.160071
0.027942
0.609092
0.043201
0.399668
0.632952
0.740395
0.075086
0.664999
0.148052
0.187559
0.496747
0.117853
0.550586
0.851210
0.555546
0.397110
0.939985
0.116756
0.892932
0.122382
0.721312
0.808107
0.014141
0.690904
0.319887
0.919946
0.316850
0.063520
0.793448
0.991367
0.223591
0.821390
0.600459
0.266793
0.221058
0.233411
0.007187
0.296144
0.898410
0.155239
0.483702
0.395158
0.273092
0.034288
0.246367
0.828638
0.431398
0.186353
0.945395
0.324330
0.308735
0.666706
0.132437
0.322876
0.357610
0.452323
0.242821
0.674460
0.515843
0.036269
0.665827
0.739435
0.857659
0.266287
0.006228
0.078718
0.499698
0.013415
0.374861
0.398108
0.168654
0.858564
0.793266
0.441746
0.892852
0.039633
0.270384
0.324250
0.225986
0.215779
0.648579
0.534721
0.882485
0.781016
0.857597
0.240095
0.233339
0.100418
0.914555
0.749183
0.136687
0.580383
0.488618
0.994347
0.846670
0.494845
0.073064
0.346368
0.508260
0.447926
0.744476
0.676914
0.306489
0.537741
0.118660
0.199341
0.577375
0.389044
0.523591
0.803361
0.604823
0.172170
0.338082
0.487308
0.953186
0.195678
0.727404
0.186526
0.296097
0.641959
0.935708
0.432784
0.222342
0.424326
0.427131
0.069012
0.919172
0.500195
0.415379
0.427432
0.948121
0.159855
0.104346
0.254610
0.697596
0.223006
0.453951
0.274971
0.612050
0.977542
0.078332
0.216874
0.149712
0.416413
0.704182
0.102898
0.612092
0.431586
0.289424
0.908188
0.073545
0.225132
0.340972
0.295887
0.649459
0.768103
0.364899
0.568630
0.268298
0.780278
0.996062
0.216419
0.940133
0.100408
0.471029
0.637730
0.323414
0.924981
0.912701
0.935465
0.902523
0.991032
0.152338
0.052235
0.407446
0.856520
0.155133
0.019537
0.288106
0.444557
0.927726
0.361651
0.669689
0.268698
0.657538
0.319148
0.036801
0.022437
0.887778
0.305100
0.802715
0.883840
0.521519
0.742848
0.984248
0.992549
0.380578
0.307663
0.917529
0.293278
0.243127
0.820052
0.284310
0.395465
0.872286
0.691756
0.251985
0.027419
0.711293
0.540091
0.471976
0.639019
0.901742
0.141665
0.907717
0.559280
0.460813
0.944519
0.581717
0.348591
0.249619
0.384431
0.232432
0.771138
0.127279
0.216680
0.763687
0.507857
0.524343
0.681216
0.801135
0.767470
0.501268
0.085445
0.162935
0.373554
0.777201
0.414921
0.400973
0.488494
0.955012
0.872950
0.127514
0.856754
0.014615
0.035231
0.416033
0.475428
0.979750
0.997750
0.824020
0.229369
0.382181
0.056451
0.000507
0.509461
0.273131
0.764193
0.017317
0.797474
0.445409
0.818452
0.564944
0.946676
0.903898
0.727879
0.320230
0.681099
0.142800
0.721204
0.169593
0.097811
0.594154
0.297107
0.954565
0.608769
0.332338
0.370598
0.084197
0.312088
0.368348
0.908217
0.541456
0.750530
0.964669
0.541963
0.259990
0.237800
0.306156
0.277308
0.035274
0.751565
0.095760
0.600218
0.698241
0.999658
0.328097
0.018472
0.680757
0.470897
0.739676
0.850350
0.568709
0.333830
0.147457
0.523274
0.942599
0.479795
0.893872
0.026796
0.791883
0.262221
0.935013
0.333339
0.012750
0.899682
0.875302
0.272740
0.137482
0.181458
0.550048
0.172756
0.933023
0.645808
0.772974
0.631264
0.645466
0.101072
0.649736
0.326223
0.571969
0.389412
0.176573
0.140677
0.723242
0.324030
0.663951
0.665840
0.803825
0.557823
0.692636
0.595708
0.820044
0.627650
0.929046
0.832794
0.527332
0.804348
0.105534
0.664814
0.985806
0.655582
0.837570
0.918828
0.301390
0.610544
0.550092
0.946856
0.711616
0.199828
0.273079
0.283584
0.589240
0.449651
0.424262
0.312481
0.773681
0.088213
0.978322
0.577506
0.646036
0.670958
0.173214
0.466080
0.298608
0.102260
0.298874
0.825939
0.906608
0.404408
0.490753
0.892414
0.059990
0.328322
0.811242
0.361380
0.938866
0.361334
0.308236
0.650482
0.561162
0.581315
0.934066
0.150402
0.030966
0.358328
0.462883
0.804647
0.446541
0.441205
0.382154
0.092577
0.112163
0.555368
0.558657
0.410770
0.657628
0.857530
0.236709
0.564236
0.261938
0.727462
0.456650
0.321928
0.055784
0.267892
0.683308
0.994651
0.629226
0.991544
0.645133
0.190388
0.572858
0.579199
0.340790
0.603824
0.937527
0.803673
0.408472
0.384068
0.244878
0.790625
0.476645
0.357041
0.345993
0.035301
0.767811
0.003621
0.892832
0.004520
0.567857
0.154770
0.731982
0.024507
0.476698
0.787767
0.292399
0.160006
0.782418
0.921625
0.151550
0.427550
0.112013
0.724408
0.006749
0.452803
0.328233
0.944276
0.256476
0.736704
0.328343
0.501354
0.527330
0.804988
0.858394
0.873323
0.840289
0.626205
0.876944
0.733121
0.630725
0.444801
0.887891
0.362708
0.469308
0.364588
0.150475
0.761707
0.524594
0.932892
0.683332
0.676144
0.360443
0.795345
0.400552
0.367191
0.248148
0.728784
0.311467
0.504624
0.465489
0.639811
0.005978
0.992819
0.444799
0.864372
0.866141
0.285088
0.490577
0.743085
0.018209
0.121302
0.187886
0.906100
0.484010
0.657194
0.270688
0.634485
0.418901
0.795282
0.567377
0.102233
0.471426
0.927820
0.897578
0.871978
0.295011
0.145726
0.600762
0.606479
0.650350
0.066251
0.246289
0.656327
0.059069
0.691088
0.520699
0.925211
0.976176
0.011276
0.668296
0.994385
0.132578
0.856182
0.900485
0.616588
0.513377
0.171173
0.251073
0.932278
0.966456
0.818451
0.034511
0.437882
0.746271
0.932088
0.309860
0.041282
0.077814
0.910622
0.647761
0.728164
0.976873
0.894050
0.384491
0.035943
0.585138
0.905190
0.961154
0.561314
0.916466
0.629450
0.555699
0.049044
0.485632
0.456184
0.665632
0.999009
0.627358
0.916706
0.931286
0.593814
0.735156
0.965797
0.031696
0.481427
0.897885
0.341555
0.522709
0.975700
0.252178
0.170469
0.703863
0.229051
0.064519
0.088354
0.264993
0.649657
0.993544
0.226147
0.210971
0.910010
0.855596
0.766670
0.959054
0.341229
0.222855
0.624686
0.340237
0.850213
0.541392
0.271524
0.444026
0.276548
0.237321
0.475722
0.757975
0.135206
0.817277
0.280684
0.110906
0.069455
0.451154
0.814769
0.298505
0.515673
0.903123
0.563498
0.165330
0.896668
0.789645
0.376301
0.806677
0.645241
0.142972
0.765731
0.986470
0.365826
0.390417
0.326707
0.216039
0.931808
0.598231
0.660065
0.208356
0.835552
0.135787
0.966332
0.970758
0.953064
0.247016
0.081663
0.022519
0.698169
0.896432
0.321024
0.213842
0.799556
0.884522
0.379172
0.696223
0.674167
0.755474
0.502901
0.319408
0.898445
0.268631
0.305878
0.264272
0.659048
0.632585
0.480311
0.590856
0.230816
0.140376
0.799213
0.066368
0.276163
0.765544
0.037125
0.229226
0.012560
0.118788
0.251745
0.710730
0.015221
0.572769
0.924572
0.814776
0.457291
0.303745
0.511000
0.131458
0.059218
0.013900
0.450866
0.957664
0.282532
0.756744
0.221935
0.941580
0.389330
0.702246
0.532436
0.620146
0.842622
0.331649
0.686514
0.118785
0.097194
0.723639
0.348011
0.109754
0.842428
0.599756
0.820484
0.857648
0.172525
0.745056
0.672425
0.629815
0.048800
0.183425
0.761273
0.108019
0.197325
0.212139
0.065682
0.479857
0.968884
0.287618
0.421436
0.358213
0.989864
0.953873
0.978359
0.832486
0.285522
0.664873
0.951270
0.382716
0.388512
0.299281
0.492470
0.230940
0.899037
0.312953
0.088588
0.071562
0.058009
0.761013
0.701377
0.106809
0.944438
0.462650
0.214827
0.141763
0.674790
0.280510
0.621619
0.643673
0.568127
0.043056
0.001887
0.557991
0.996928
0.980246
0.390477
0.282450
0.645119
0.341747
0.665166
0.033631
0.641029
0.157635
0.264571
0.540066
0.470588
0.353159
0.611628
0.528597
0.114172
0.313005
0.635406
0.058610
0.775655
0.850234
0.200372
0.450445
0.130743
0.821992
0.094118
0.698871
0.865047
0.096005
0.256862
0.861975
0.076251
0.647339
0.144426
0.721370
0.989086
0.809591
0.755001
0.630115
0.967227
0.019572
0.170181
0.437815
0.372731
0.781809
0.966412
0.486903
0.094814
0.601818
0.545513
0.870469
0.452052
0.745885
0.320914
0.582795
0.567877
0.415032
0.281665
0.432924
0.511038
0.538527
0.294899
0.587288
0.185866
0.439325
0.308658
0.174952
0.248916
0.063659
0.805068
0.216143
0.083230
0.975249
0.653958
0.455961
0.757057
0.620370
0.942864
0.851871
0.222188
0.488377
0.722340
0.674239
0.234262
0.043254
0.257034
0.802139
0.458286
0.538700
0.235063
0.969324
0.077227
0.529963
0.556612
0.263093
0.969287
0.865270
0.438045
0.218204
0.928929
0.243113
0.434346
0.012159
0.218362
0.088304
0.468120
0.975419
0.708674
0.410984
0.827290
0.930861
0.899361
0.549630
0.605101
0.133623
0.592884
0.862135
0.935762
0.051170
0.400835
0.170826
0.020494
0.478062
0.700788
0.577106
0.741154
0.670076
0.442376
0.179200
0.888279
0.371306
0.422313
0.322626
0.383465
0.640674
0.410930
0.851585
0.616093
0.119603
0.262569
0.443383
0.050465
0.161930
0.993013
0.655566
0.295554
0.585896
0.517701
0.231316
0.637066
0.918536
0.402142
0.657560
0.396597
0.102930
0.234666
0.137752
0.773006
0.677043
0.316951
0.661285
0.048348
0.739264
0.983911
0.431813
0.379938
0.394840
0.283398
0.996031
0.514444
0.545968
0.439414
0.564909
0.707898
0.432427
0.220475
0.003452
0.018323
0.738176
0.234768
0.655390
0.656711
0.636910
0.312950
0.053309
0.739840
0.547616
0.191060
0.512845
0.224659
0.508012
0.174130
0.273008
0.247276
0.158041
0.704821
0.627214
0.552882
0.988219
0.623246
0.067326
0.534187
0.062660
0.632234
0.242085
0.495087
0.852709
0.245537
0.513410
0.590885
0.480305
0.168800
0.247596
0.117215
0.481750
0.300905
0.857055
0.029366
0.491965
0.369900
0.254025
0.999977
0.544031
0.527033
0.247253
0.702072
0.231854
0.874467
0.254953
0.220073
0.497713
0.322279
0.754260
0.560373
0.954513
0.996346
0.055459
0.807223
0.241883
0.568870
0.398108
0.722188
0.737669
0.645704
0.839403
0.219419
0.946609
0.696458
0.248785
0.438575
0.066358
0.502811
0.438552
0.610389
0.029844
0.685805
0.312460
0.261698
0.560272
0.567414
0.481771
0.057984
0.889693
0.236031
0.618357
0.844206
0.232377
0.673817
0.651429
0.474260
0.242686
0.049537
0.196448
0.980356
0.695241
0.035851
0.199775
0.641850
0.732309
0.448560
0.080424
0.798667
0.951371
0.518976
0.409055
0.981214
0.204781
0.721516
0.242912
0.765053
0.288929
0.724682
0.823037
0.178622
0.960714
0.441394
0.022828
0.193091
0.115211
0.674257
0.667351
0.357897
0.723794
0.863799
0.338253
0.419034
0.899650
0.538027
0.060884
0.631959
0.986587
0.141309
0.430625
0.937958
0.660285
0.839681
0.919172
0.865066
0.561196
0.162084
0.630118
0.850126
0.886766
0.453156
0.028748
0.847480
0.894550
0.051576
0.040571
0.009761
0.725833
0.707922
0.367657
0.449627
0.571721
0.705910
0.868662
0.471371
0.243938
0.929546
0.103329
0.230525
0.070855
0.533954
0.168483
0.731140
0.373635
0.087655
0.596206
0.934831
0.249739
0.226324
0.784957
0.136505
0.679480
0.813705
0.983985
0.574030
0.865281
0.024556
0.583790
0.591115
0.732478
0.951448
0.040742
0.304199
0.657358
0.909404
0.775569
0.901295
0.838950
0.878898
0.131820
0.909805
0.412853
0.300303
0.640944
0.786488
0.387958
0.237150
0.721319
0.637697
0.463474
0.506276
0.774202
0.142954
0.319981
0.758187
0.716984
0.185263
0.782743
0.300774
0.776377
0.515221
0.252221
0.817119
0.819420
0.909579
0.726523
0.594989
0.810874
0.565472
0.473887
0.942694
0.475277
0.886740
0.242998
0.116221
0.673228
0.630956
0.353372
0.394547
0.268653
0.816846
0.900824
0.042856
0.959800
0.220805
0.801043
0.676784
0.406068
0.583786
0.977557
0.182445
0.099007
0.229779
0.999564
0.918427
0.139358
0.726087
0.513416
0.950232
0.291559
0.987304
0.892926
0.766836
0.874044
0.135924
0.883058
0.547272
0.766880
0.236429
0.941820
0.035533
0.053275
0.842644
0.078389
0.013075
0.063449
0.879432
0.689859
0.469516
0.463218
0.667416
0.651961
0.562225
0.897195
0.651525
0.480652
0.036553
0.377612
0.994068
0.986784
0.669171
0.981372
0.879710
0.436007
0.855416
0.015634
0.319065
0.402688
0.782514
0.555494
0.344508
0.818047
0.608769
0.187151
0.896436
0.621844
0.250600
0.775867
0.311703
0.720116
0.239085
0.979119
0.372077
0.801310
0.876314
0.023603
0.281962
0.912867
0.401214
0.276030
0.899651
0.070386
0.257402
0.779361
0.506393
0.112818
0.794995
0.825458
0.515506
0.577509
0.380952
0.860014
0.395557
0.989721
0.047165
0.291993
0.611565
0.297765
0.067860
0.923268
0.017882
0.306945
0.902387
0.389959
0.108255
0.778701
0.413561
0.390217
0.691567
0.814776
0.666247
0.591218
0.885162
0.923649
0.370579
0.391554
0.036467
0.165575
0.217012
0.551973
0.743084
0.597964
0.411987
0.138641
0.587685
0.459152
0.430633
0.199250
0.756917
0.498493
0.122517
0.774799
0.805438
0.024904
0.164758
0.913693
0.803604
0.578319
0.303910
0.495172
0.393095
0.970157
0.086390
0.278257
0.893806
0.456969
0.669811
0.930273
0.622544
0.886823
0.482245
0.365628
0.484787
0.894232
0.504269
0.072472
0.353384
0.934902
0.271722
0.110301
0.433395
0.394239
0.885100
0.238833
0.419142
0.049858
0.152526
0.222747
0.628177
0.456436
0.717918
0.021272
0.426593
0.804308
0.299529
0.320398
0.261277
0.969340
0.250671
0.883820
0.856163
0.732916
0.249448
0.340951
0.627148
0.753717
0.413423
0.980532
0.688619
0.685144
0.090834
0.122014
0.079383
0.975934
0.360847
0.498525
0.025792
0.513374
0.721272
0.653969
0.969810
0.439190
0.675241
0.396402
0.243498
0.974770
0.716801
0.504775
0.944110
0.967472
0.388595
0.800273
0.700388
0.638043
0.141224
0.327536
0.391760
0.554647
0.308069
0.080378
0.239791
0.398902
0.202392
0.319173
0.374836
0.563240
0.817698
0.400628
0.076613
0.538970
0.054597
0.046423
0.978161
0.729838
0.442825
0.221659
0.704608
0.159626
0.726434
0.648719
0.127097
0.115029
0.448992
0.827485
0.753072
0.590216
0.155021
0.144832
0.144863
0.463090
0.225210
0.384653
0.861992
0.427603
0.703827
0.236828
0.990842
0.521525
0.637456
0.067455
0.060496
0.692053
0.113878
0.038656
0.421892
0.556703
0.260315
0.126500
0.716328
0.986749
0.775219
0.843425
0.101777
0.224211
0.670910
0.854849
0.814427
0.825931
0.999681
0.959290
0.289021
0.224891
0.343943
0.151013
0.652494
0.047770
0.387841
0.643336
0.569295
0.025297
0.710791
0.629790
0.717351
0.824669
0.668446
0.139242
0.381372
0.928761
0.265743
0.097700
0.915510
0.040962
0.941125
0.017287
0.265172
0.612035
0.872137
0.079599
0.437967
0.871818
0.038889
0.726987
0.096709
0.382832
0.878000
0.749203
0.430602
0.265841
0.392539
0.999896
0.291138
0.103330
0.629687
0.008489
0.927999
0.298133
0.147731
0.309371
0.226894
0.413474
0.407071
0.142404
0.454435
0.348196
0.159692
0.719608
0.960232
0.031828
0.799207
0.398198
0.903646
0.838096
0.125185
0.000355
0.220928
0.003185
0.749558
0.651530
0.269026
0.142097
0.651426
0.560164
0.245427
0.281113
0.568653
0.173426
0.579246
0.716384
0.482797
0.806140
0.129858
0.889868
0.948545
0.584294
0.238064
0.108236
0.303902
0.198296
0.140065
0.103109
0.596494
0.043711
0.941205
0.721679
0.044066
0.162133
0.724865
0.793624
0.813663
0.993891
0.935721
0.465089
0.554056
0.181148
0.746202
0.122709
0.354575
0.325448
0.839093
0.837372
0.131588
0.968952
0.727241
0.080133
0.553245
0.965305
0.188369
0.857147
0.163601
0.328434
0.960256
0.760095
0.372145
0.901461
0.481774
0.416211
0.063595
0.206639
0.209835
0.877258
0.200530
0.145557
0.342347
0.754586
0.326705
0.088550
0.877295
0.681280
0.413998
0.716388
0.518652
0.545586
0.685340
0.245893
0.625719
0.238585
0.211198
0.814088
0.095732
0.374799
0.142522
0.055988
0.134894
0.514667
0.957449
0.616668
0.930878
0.021044
0.823307
0.140714
0.898302
0.023838
0.286270
0.240649
0.778424
0.612975
0.329199
0.655719
0.294255
0.743197
0.372107
0.812908
0.288782
0.057446
0.058801
0.914501
0.296031
0.269998
0.728589
0.391763
0.644797
0.871111
0.447751
0.779690
0.385778
0.405200
0.396358
0.316656
0.426244
0.219666
0.457370
0.324546
0.243504
0.743640
0.565195
0.021927
0.356616
0.894394
0.677646
0.650871
0.637590
0.049753
0.463779
0.926373
0.107199
0.522580
0.840874
0.403230
0.792578
0.569463
0.794993
0.437375
0.440574
0.242744
0.217065
0.826352
0.647944
0.613424
0.143008
0.074188
0.833090
0.600378
0.398734
0.076593
0.344019
0.963929
0.098521
0.700635
0.858323
0.776167
0.351506
0.495913
0.825919
0.815285
0.422286
0.933118
0.337865
0.263160
0.336348
0.130442
0.832623
0.131341
0.567817
0.273197
0.374085
0.784883
0.099549
0.022029
0.398306
0.242558
0.096217
0.231396
0.842936
0.494951
0.307989
0.186955
0.458879
0.406510
0.887589
0.317202
0.182676
0.239095
0.813115
0.008595
0.054380
0.235401
0.941713
0.392245
0.498561
0.278061
0.522687
0.331183
0.409401
0.090504
0.604380
0.783486
0.875387
0.703930
0.805515
0.273694
0.946487
0.901731
0.505090
0.789423
0.396682
0.813079
0.976378
0.855562
0.219589
0.863968
0.172764
0.402265
0.103063
0.985879
0.410860
0.157443
0.221279
0.352574
0.549688
0.719840
0.630634
0.072375
0.051024
0.040036
0.162879
0.655404
0.823522
0.038266
0.359334
0.629037
0.311960
0.305821
0.530768
0.817050
0.095244
0.927450
0.630129
0.071622
0.783012
0.849717
0.935590
0.955775
0.251982
0.038652
0.941654
0.662843
0.196095
0.162933
0.015416
0.745783
0.882773
0.646051
0.818158
0.933797
0.686086
0.981037
0.589201
0.509608
0.019304
0.948534
0.138645
0.331264
0.254355
0.669413
0.148314
0.349599
0.596863
0.778442
0.421221
0.379874
0.628160
0.356811
0.335649
0.880142
0.395463
0.277303
0.542985
0.591559
0.440236
0.558401
0.337342
0.323009
0.204451
0.155500
0.256806
0.890538
0.136537
0.846007
0.400146
0.155841
0.794541
0.538791
0.487104
0.048896
0.208204
0.635418
0.398496
0.805067
0.413860
0.819717
0.184941
0.042020
0.176528
0.520591
0.922162
0.571991
0.797894
0.465147
0.163550
0.238130
0.023548
0.500892
0.561139
0.227999
0.656392
0.817946
0.118536
0.792929
0.663953
0.518682
0.948769
0.458494
0.057473
0.435874
0.507390
0.265677
0.071292
0.905886
0.070744
0.485152
0.725603
0.255685
0.527172
0.902131
0.776275
0.449335
0.474122
0.574169
0.914481
0.637672
0.812299
0.938029
0.138564
0.373438
0.166028
0.794956
0.191384
0.284564
0.587884
0.855336
0.803246
0.536654
0.313830
0.860720
0.972527
0.821221
0.126397
0.043819
0.727107
0.197141
0.528971
0.452710
0.452826
0.056144
0.354840
0.229101
0.505478
0.828962
0.803270
0.419960
0.466634
0.615569
0.357989
0.605198
0.989007
0.524016
0.400154
0.180391
0.808580
0.988038
0.035727
0.611827
0.524692
0.349558
0.472547
0.497219
0.170778
0.598944
0.541038
0.897885
0.796084
0.070009
0.350594
0.248910
0.126153
0.705435
0.478011
0.631631
0.534397
0.281281
0.051591
0.001031
0.896850
0.409579
0.606229
0.885857
0.933596
0.006383
0.066248
0.742176
0.994421
0.101975
0.354003
0.519113
0.451533
0.826549
0.016332
0.622311
0.425493
0.557370
0.520196
0.221577
0.627379
0.870791
0.470487
0.753532
0.576226
0.948498
0.385164
0.110623
0.229779
0.436754
0.111654
0.126629
0.846334
0.717883
0.012485
0.779929
0.724266
0.078733
0.522105
0.718687
0.180709
0.876108
0.237800
0.632242
0.702657
0.254132
0.254553
0.128149
0.811502
0.774749
0.349726
0.438881
0.645540
0.820213
0.192413
0.221766
0.768711
0.577577
0.332388
0.998490
0.014331
0.444042
0.125119
0.860665
0.161925
0.137604
0.640595
0.886191
0.216337
0.162700
0.604878
0.397046
0.038808
0.842678
0.029288
0.741464
0.096809
0.283841
0.869614
0.908311
0.058590
0.219340
0.347192
0.704130
0.039554
0.539605
0.925896
0.808265
0.117182
0.258285
0.806755
0.131513
0.702327
0.931874
0.992178
0.864252
0.069478
0.632773
0.750443
0.285815
0.795473
0.355321
0.682861
0.834280
0.197999
0.712148
0.575745
0.294808
0.995989
0.445359
0.203119
0.054579
0.664699
0.550311
0.758709
0.704253
0.089916
0.684606
0.512518
0.207098
0.942890
0.319272
0.338611
0.645217
0.251146
0.330789
0.509469
0.320624
0.963562
0.259912
0.606438
0.759035
0.615232
0.289299
0.593315
0.813231
0.001448
0.169060
0.108039
0.997437
0.614419
0.311158
0.052016
0.279118
0.861469
0.810725
0.983370
0.951384
0.495331
0.495888
0.158482
0.438221
0.815160
0.497093
0.083439
0.066306
0.827882
0.592908
0.386930
0.791444
0.852819
0.993369
0.550479
0.468052
0.282668
0.143794
0.281283
0.284115
0.312854
0.389322
0.281552
0.927273
0.700480
0.333568
0.206391
0.561948
0.144293
0.189762
0.513332
0.639624
0.685649
0.671814
0.077846
0.500810
0.168907
0.161284
0.567116
0.996789
0.754192
0.954046
0.788233
0.607011
0.947415
0.338711
0.075063
0.230083
0.482505
0.356346
0.514198
0.795360
0.745667
0.795751
0.722633
0.446147
0.129319
0.929024
0.008095
0.273612
0.118786
0.521427
0.913236
0.804435
0.193241
0.991082
0.305245
0.362148
0.152366
0.872361
0.358937
0.906558
0.826408
0.147170
0.513569
0.773823
0.485881
0.588632
0.003906
0.968387
0.944978
0.518104
0.763746
0.690645
0.313854
0.486379
0.136792
0.443173
0.415403
0.144886
0.716785
0.534189
0.666314
0.630021
0.338624
0.859555
0.621103
0.643869
0.221703
0.773469
0.516230
0.580641
0.680028
0.342638
0.727810
0.193597
0.116461
0.213692
0.782229
0.120367
0.182078
0.727207
0.638471
0.945825
0.417852
0.952325
0.432204
0.554644
0.395498
0.847607
0.699530
0.112283
0.381796
0.365844
0.742304
0.720420
0.225399
0.363407
0.364289
0.447102
0.136876
0.880519
0.027743
0.816904
0.223158
0.755553
0.010501
0.339618
0.969245
0.792730
0.459985
0.151323
0.519937
0.098456
0.097148
0.937789
0.050781
0.529352
0.492433
0.446279
0.376959
0.191963
0.558561
0.758755
0.557807
0.300865
0.479176
0.783205
0.664272
0.843465
0.230308
0.801149
0.723984
0.258050
0.618052
0.947142
0.013603
0.628553
0.286760
0.982848
0.421284
0.746745
0.134171
0.941221
0.845201
0.231319
0.879010
0.895981
0.760670
0.371443
0.342260
0.137629
0.563406
0.900821
0.896385
0.121213
0.201687
0.375560
0.904418
0.865959
0.219025
0.134726
0.667107
0.943009
0.392776
0.285160
0.890151
0.406379
0.913713
0.176911
0.389228
0.334997
0.923656
0.523399
0.276218
0.768857
0.754717
0.155228
0.664838
0.515387
0.526671
0.007098
0.653017
0.090078
0.907920
0.549401
0.211291
0.109606
0.924961
0.115709
0.975565
0.143986
0.250435
0.642673
0.086995
0.643211
0.927833
0.977145
0.049590
0.841546
0.154056
0.438818
0.176543
0.077712
0.962216
0.452761
0.846569
0.716934
0.607989
0.511407
0.232321
0.134660
0.518505
0.885338
0.224738
0.426425
0.434739
0.436029
0.536031
0.359700
0.551738
0.511597
0.503686
0.802172
0.154269
0.590681
0.445383
0.082102
0.567827
0.494974
0.923648
0.721883
0.933791
0.100191
0.799595
0.896008
0.552951
0.646164
0.612941
0.160940
0.157571
0.845262
0.295601
0.676076
0.730600
0.520339
0.102501
0.165339
0.956368
0.638532
0.525039
0.508105
0.150129
0.028726
0.310278
0.304399
0.619407
0.755661
0.386501
0.187234
0.250635
0.310148
0.909117
0.184426
0.410339
0.708711
0.080434
0.963290
0.354875
0.693376
0.124231
0.512446
0.538638
0.419832
0.188522
0.269238
0.940171
0.291023
0.434578
0.896539
0.929555
0.959617
0.404644
0.079684
0.988343
0.714922
0.384083
0.607750
0.470583
0.770583
0.794983
0.721218
0.080732
0.704100
0.905645
0.491071
0.412811
0.986079
0.454361
0.767686
0.679455
0.578592
0.280132
0.218093
0.998424
0.468654
0.487332
0.938595
0.759676
0.921909
0.835134
0.689231
0.881526
0.239778
0.768916
0.869869
0.954700
0.152998
0.477619
0.425283
0.923581
0.272602
0.146502
0.004313
0.976702
0.052147
0.495384
0.389513
0.038226
0.949745
0.157199
0.717681
0.528337
0.437331
0.935774
0.526761
0.905985
0.423106
0.465355
0.665661
0.345015
0.300489
0.354893
0.226542
0.540267
0.123808
0.096411
0.494967
0.276806
0.574029
0.920250
0.200388
0.846631
0.066752
0.204701
0.823333
0.118899
0.700084
0.212845
0.157125
0.649829
0.370044
0.874806
0.178166
0.807375
0.810580
0.704926
0.713360
0.233686
0.170282
0.379021
0.578702
0.470771
0.733914
0.805244
0.011038
0.857722
0.901654
0.506004
0.134528
0.475683
0.426255
0.334916
0.322314
0.493007
0.539617
0.145647
0.611905
0.239702
0.358492
0.769030
0.889531
0.728536
0.643836
0.067696
0.535912
0.454416
0.772622
0.249272
0.688103
0.942904
0.628293
0.266805
0.413675
0.362207
0.072048
0.424712
0.219929
0.973702
0.930717
0.354457
0.449386
0.356972
0.689373
0.771700
0.849978
0.228991
0.917347
0.461884
0.468692
0.275839
0.230914
0.358223
0.004375
0.874750
0.425919
0.540287
0.329166
0.198541
0.789559
0.017269
0.141445
0.417852
0.284073
0.555120
0.780059
0.356121
0.979832
0.999988
0.329824
0.910549
0.354445
0.779209
0.267521
0.043818
0.550910
0.117499
0.272809
0.468256
0.579383
0.741501
0.744096
0.810296
0.099723
0.748471
0.685046
0.525642
0.288758
0.014212
0.724183
0.078317
0.031481
0.865628
0.496169
0.315554
0.420748
0.276228
0.671675
0.400581
0.276215
0.001499
0.311130
0.630660
0.780708
0.578651
0.674478
0.331618
0.696151
0.947287
0.799874
0.275533
0.688788
0.543970
0.085830
0.788511
0.292441
0.770876
0.314153
0.581199
0.785088
0.038337
0.659516
0.816569
0.903965
0.155684
0.132122
0.324713
0.431912
0.803797
0.725294
0.708127
0.805296
0.036425
0.338787
0.586004
0.615076
0.013265
0.917622
0.311227
0.960552
0.717496
0.586760
0.649340
0.261466
0.672590
0.437851
0.553907
0.443466
0.752004
0.135105
0.228554
0.790341
0.794621
0.045122
0.694306
0.950305
0.177244
0.019019
0.382217
0.981042
0.744314
0.090345
0.786338
0.780739
0.429132
0.372342
0.395815
0.442397
0.289964
0.707042
0.402949
0.007460
0.293802
0.052289
0.268926
0.966392
0.490140
0.822832
0.409857
0.242144
0.957937
0.638411
0.032485
0.752558
0.683533
0.726791
0.702863
0.860778
0.745810
0.085081
0.841819
0.490124
0.175425
0.628157
0.270862
0.604557
0.000499
0.666677
0.046954
0.290462
0.373719
0.449903
0.297922
0.667521
0.502192
0.566848
0.633912
0.992332
0.389680
0.043770
0.234476
0.347617
0.682181
0.266960
0.100175
0.365714
0.993751
0.803039
0.226492
0.739561
0.888119
0.068311
0.229685
0.063544
0.696468
0.500547
0.668101
0.696967
0.167224
0.715055
0.987429
0.540943
0.164958
0.285351
0.208463
0.667150
0.852199
0.842376
0.659482
0.241878
0.886145
0.893958
0.589495
0.568326
0.160918
0.689671
0.934040
0.154669
0.492709
0.160532
0.894230
0.380828
0.228843
0.123915
0.444373
0.925312
0.624462
0.112474
0.622278
0.791686
0.827529
0.609707
0.332629
0.992488
0.895059
0.541092
0.659638
0.747257
0.383467
0.319120
0.989135
0.269613
0.213077
0.578631
0.837939
0.373995
0.268301
0.771979
0.528664
0.761010
0.932511
0.422895
0.141839
0.161355
0.546809
0.586211
0.086666
0.171271
0.698685
0.708944
0.962957
0.526215
0.318652
0.295585
0.518702
0.213710
0.836677
0.178340
0.960967
0.220145
0.497460
0.950103
0.489757
0.710537
0.528734
0.327696
0.084533
0.797035
0.099675
0.613197
0.558045
0.032186
0.036092
0.699884
0.193541
0.582901
0.286095
0.280207
0.754172
0.984780
0.989152
0.717129
0.510995
0.307803
0.012714
0.029697
0.521514
0.849391
0.208038
0.482481
0.069536
0.705498
0.432584
0.559293
0.416035
0.961318
0.886990
0.500568
0.758353
0.986665
0.113765
0.316399
0.018851
0.149857
0.016283
0.212392
0.732758
0.302378
0.492599
0.486931
0.287158
0.481751
0.204060
0.798153
0.789554
0.216774
0.827851
0.311068
0.066166
0.035888
0.793549
0.135702
0.741386
0.226133
0.694995
0.157421
0.187451
0.581984
0.657989
0.945805
0.568649
0.771754
0.262203
0.587501
0.921611
0.278486
0.799893
0.654370
0.580863
0.292492
0.141300
0.868021
0.774243
0.345360
0.666175
0.563798
0.562134
0.494025
0.874866
0.628300
0.529913
0.668415
0.764001
0.271299
0.894548
0.458996
0.428721
0.082000
0.040981
0.086710
0.027804
0.609630
0.858464
0.290007
0.197130
0.780075
0.568493
0.997023
0.434445
0.149356
0.289516
0.575745
0.017378
0.063759
0.921105
0.683552
0.627556
0.483239
0.177578
0.502422
0.111539
0.707491
0.170837
0.875540
0.978791
0.065385
0.334536
0.407511
0.147385
0.375516
0.494221
0.175189
0.985146
0.352685
0.465196
0.182277
0.132760
0.033689
0.179300
0.567206
0.183045
0.468815
0.142951
0.200423
0.532574
0.064056
0.883975
0.160130
0.547295
0.061553
0.662552
0.658834
0.769044
0.833389
0.534374
0.747835
0.898774
0.868909
0.155346
0.046159
0.244426
0.649567
0.221347
0.229572
0.002252
0.686543
0.411849
0.135013
0.720232
0.591149
0.702218
0.903278
0.059964
0.845169
0.103701
0.592538
0.909225
0.987676
0.752669
0.456520
0.049229
0.415221
0.115354
0.818273
0.248610
0.649728
0.566108
0.147384
0.518637
0.721455
0.193542
0.763063
0.371022
0.414890
0.992635
0.373274
0.101433
0.404484
0.508287
0.821665
0.995633
0.210506
0.724943
0.055597
0.055675
0.828644
0.648136
0.964900
0.816320
0.400804
0.421421
0.865549
0.816025
0.536775
0.683822
0.064635
0.186502
0.249931
0.212019
0.705139
0.971385
0.405561
0.468203
0.342407
0.820451
0.460838
0.715682
0.921884
0.865322
0.223969
0.743549
0.860955
0.434475
0.468493
0.916552
0.490151
0.297136
0.564688
0.455051
0.113456
0.965492
0.876471
0.979005
0.781518
0.413246
0.662827
0.846153
0.599748
0.912758
0.058172
0.304888
0.884144
0.463733
0.773090
0.226551
0.284184
0.233928
0.942233
0.206068
0.099250
0.166202
0.949618
0.960206
0.600678
0.418110
0.876758
0.090828
0.715247
0.441446
0.545879
0.828703
0.406938
0.422350
0.807708
0.188456
0.835597
0.470535
0.034609
0.435345
0.383293
0.092781
0.740233
0.267437
0.556514
0.513323
0.493988
0.840698
0.747252
0.436221
0.046766
0.846502
0.602423
0.996384
0.806708
0.203101
0.414494
0.683466
0.293929
0.129741
0.124912
0.839808
0.958444
0.531850
0.262158
0.766151
0.720306
0.097755
0.236687
0.754915
0.533100
0.619980
0.847695
0.273333
0.887417
0.404209
0.786656
0.381404
0.244907
0.533907
0.817625
0.291674
0.380409
0.420048
0.288058
0.187117
0.623149
0.702552
0.870583
0.917077
0.832293
0.995495
0.756885
0.790737
0.527345
0.019043
0.556888
0.247651
0.116798
0.793575
0.002566
0.649897
0.413554
0.850261
0.923230
0.300971
0.254470
0.709886
0.682376
0.499378
0.243793
0.500001
0.791051
0.624203
0.920049
0.079109
0.811320
0.543198
0.781661
0.681903
0.460275
0.613954
0.677397
0.217160
0.404690
0.204742
0.236203
0.961578
0.452393
0.353001
0.755153
0.454958
0.002899
0.168707
0.305220
0.926129
0.469678
0.559690
0.636015
0.152054
0.059067
0.879808
0.652055
0.850119
0.504010
0.572104
0.929227
0.315330
0.115301
0.710888
0.997233
0.575576
0.324842
0.674630
0.792736
0.729532
0.879372
0.028940
0.691110
0.331765
0.381941
0.446263
0.786724
0.384840
0.614970
0.091943
0.310969
0.084648
0.651633
0.946983
0.236702
0.710700
0.826791
0.888757
0.560819
0.330802
0.460861
0.490047
0.646132
0.576162
0.200935
0.643365
0.151738
0.525776
0.317995
0.944475
0.255308
0.197367
0.973415
0.946418
0.529133
0.355356
0.392681
0.315856
0.740196
0.007651
0.407799
0.051164
0.092300
0.059432
0.998148
0.329002
0.770133
0.824939
0.217760
0.330952
0.155740
0.678620
0.820998
0.801872
0.254782
0.021933
0.445237
0.406521
0.547709
0.763232
0.350996
0.803018
0.960600
0.324410
0.749436
0.489732
0.679766
0.142117
0.805588
0.419962
0.149769
0.213388
0.471126
0.242069
0.272820
0.469274
0.571071
0.042952
0.294213
0.788830
0.373904
0.449953
0.467451
0.194902
0.251825
0.722233
0.216835
0.697062
0.128754
0.764545
0.460294
0.479749
0.567562
0.420894
0.804160
0.316998
0.910626
0.483926
0.459115
0.716214
0.903888
0.608884
0.929602
0.375014
0.850953
0.202422
0.844288
0.422024
0.245374
0.138500
0.210854
0.619278
0.588453
0.678305
0.814180
0.840278
0.400538
0.031016
0.537340
0.529292
0.795560
0.997634
0.009041
0.363122
0.418527
0.813201
0.680120
0.329153
0.297126
0.139236
0.045367
0.201014
0.748120
0.974969
0.576028
0.599073
0.177390
0.420315
0.021096
0.422764
0.558815
0.231950
0.042042
0.147268
0.910255
0.856223
0.987546
0.310793
0.887238
0.524886
0.840084
0.682798
0.522519
0.849125
0.045921
0.941046
0.662326
0.726041
0.270199
0.959452
0.865277
0.315566
0.160466
0.613397
0.290535
0.736494
0.212470
0.467925
0.156809
0.233566
0.890689
0.715624
0.465516
0.932732
0.862892
0.375771
0.788954
0.850438
0.686563
0.676192
0.375324
0.526647
0.358991
0.897843
0.375772
0.404911
0.838890
0.038098
0.130952
0.109089
0.997550
0.996229
0.424655
0.158016
0.609626
0.715190
0.894510
0.822095
0.183114
0.051319
0.055661
0.073804
0.766943
0.521177
0.006535
0.629835
0.896948
0.795489
0.480273
0.583511
0.471682
0.855597
0.110158
0.830673
0.753441
0.485930
0.235584
0.592331
0.524029
0.366536
0.701420
0.521579
0.362765
0.126075
0.679595
0.972391
0.841264
0.574105
0.794486
0.024379
0.625424
0.850147
0.098182
0.392366
0.371324
0.104717
0.022201
0.268272
0.900207
0.502474
0.851782
0.371888
0.358072
0.961940
0.202561
0.111513
0.447871
0.438145
0.703843
0.971899
0.804681
0.405263
0.493478
0.167446
0.531338
0.173073
0.139837
0.372602
0.747179
0.934323
0.396980
0.372602
0.784470
0.495162
0.764968
0.155794
0.599879
0.787169
0.424066
0.500086
0.289643
0.275848
0.871974
0.647715
0.237789
0.074535
0.759228
0.685660
0.512680
0.463071
0.657559
0.317361
0.868334
0.151037
0.484807
0.399672
0.324111
0.624643
0.772273
0.071289
0.558966
0.169253
0.443891
0.343436
0.664416
0.208860
0.499231
0.264295
0.996029
0.923297
0.764381
0.285672
0.199145
0.636356
0.933387
0.436934
0.710891
0.692615
0.122593
0.223571
0.155686
0.780152
0.540932
0.024021
0.931189
0.025739
0.423692
0.255300
0.650382
0.195966
0.326589
0.209349
0.365219
0.770480
0.552785
0.029635
0.979340
0.052016
0.293930
0.975369
0.975312
0.058311
0.261041
0.174458
0.694667
0.194428
0.611391
0.405558
0.887043
0.733985
0.629129
0.042730
0.514137
0.170061
0.066750
0.445326
0.195799
0.490443
0.700626
0.846182
0.686408
0.027215
0.055530
0.051628
0.797696
0.608315
0.081262
0.777036
0.660331
0.375193
0.752404
0.635643
0.433504
0.013445
0.810101
0.128171
0.207873
0.421492
0.533729
0.094917
0.155477
0.162857
0.137646
0.669614
0.332918
0.204397
0.114940
0.528717
0.694840
0.815566
0.374899
0.381248
0.842782
0.430429
0.432876
0.640477
0.038744
0.514138
0.417513
0.699075
0.889331
0.169917
0.334719
0.322834
0.183362
0.144820
0.451005
0.391236
0.566312
0.984734
0.486152
0.721789
0.147591
0.623799
0.391403
0.480509
0.828196
0.506343
0.009227
0.523035
0.321909
0.384126
0.904283
0.164691
0.814555
0.337159
0.805168
0.853299
0.851297
0.222681
0.552374
0.740628
0.392599
0.887093
0.063462
0.575961
0.031912
0.514467
0.967197
0.598224
0.499201
0.453349
0.320013
0.646792
0.077148
0.711416
0.127301
0.905344
0.217759
0.136528
0.428379
0.539668
0.520653
0.332663
0.704359
0.335208
0.669822
0.509527
0.188507
0.521119
0.732209
0.740881
0.261746
0.124807
0.627974
0.325209
0.700768
0.659886
0.839676
0.667965
0.258111
0.338877
0.121315
0.578124
0.985669
0.198463
0.289540
0.112970
0.103807
0.507299
0.249498
0.532186
0.046967
0.770151
0.864848
0.751326
0.105359
0.534670
0.260853
0.293867
0.055789
0.993062
0.034748
0.317535
0.117869
0.662722
0.642744
0.818638
0.322608
0.482420
0.486603
0.580719
0.821297
0.607918
0.158843
0.806966
0.806380
0.448383
0.919936
0.910187
0.955681
0.169434
0.442373
0.002648
0.939585
0.307222
0.753974
0.044945
0.841892
0.014827
0.338811
0.897680
0.007889
0.373559
0.215216
0.125758
0.036281
0.857960
0.944396
0.358890
0.340379
0.430999
0.939609
0.161676
0.038917
0.098452
0.968642
0.845297
0.546834
0.888578
0.755484
0.502516
0.058012
0.197857
0.505164
0.997597
0.505079
0.259138
0.042542
0.346970
0.273965
0.381353
0.244651
0.281854
0.754912
0.459866
0.407613
0.791193
0.317826
0.352009
0.150083
0.658205
0.783008
0.089692
0.819881
0.821924
0.188143
0.788523
0.667221
0.734978
0.677101
0.422705
0.237493
0.735112
0.620562
0.742657
0.732709
0.125641
0.001795
0.775251
0.472611
0.275760
0.156604
0.717262
0.557614
0.911516
0.177128
0.965227
0.702709
0.494954
0.317236
0.852792
0.153159
0.100243
0.942483
0.973041
0.922167
0.130627
0.761563
0.589388
0.865604
0.438664
0.012093
0.103098
0.173776
0.632656
0.845755
0.906485
0.758297
0.847549
0.681736
0.230908
0.123309
0.838339
0.948170
0.680924
0.749855
0.125298
0.646151
0.452564
0.620253
0.963387
0.305356
0.773412
0.063630
0.247839
0.746453
0.985797
0.378466
0.508016
0.575186
0.244070
0.946680
0.587279
0.347167
0.120456
0.219935
0.192922
0.026941
0.978232
0.040471
0.708677
0.209140
0.163781
0.547017
0.157310
0.844705
0.296872
0.282608
0.490856
0.749435
0.902861
0.454243
0.054791
0.676273
0.517873
0.302630
0.422726
0.503670
0.681096
0.930742
0.078856
0.925166
0.877422
0.666135
0.272333
0.997878
0.886070
0.465255
0.024820
0.864302
0.505726
0.733497
0.073442
0.669507
0.280514
0.230752
0.514212
0.577385
0.513360
0.005068
0.326821
0.416221
0.459311
0.381611
0.092494
0.977183
0.684241
0.515220
0.480853
0.365337
0.445962
0.559709
0.290502
0.323384
0.225844
0.562835
0.321262
0.111914
0.028090
0.346082
0.976216
0.533817
0.079579
0.049658
0.203324
0.360092
0.280410
0.717536
0.937477
0.793770
0.722604
0.264298
0.209991
0.181915
0.645909
0.302485
0.159098
0.330150
0.817705
0.639951
0.695487
0.263667
0.199660
0.985990
0.587051
0.425505
0.548825
0.908313
0.537419
0.576915
0.254395
0.513635
0.110732
0.333974
0.563293
0.314056
0.694066
0.843703
0.031592
0.631543
0.637473
0.754196
0.895841
0.847463
0.936110
0.541750
0.149949
0.095208
0.871900
0.967654
0.735159
0.567388
0.231322
0.934820
0.553377
0.818373
0.360325
0.102202
0.726686
0.897744
0.679117
0.981081
0.411379
0.789849
0.315055
0.974672
0.103905
0.009121
0.818375
0.135497
0.640664
0.455847
0.889693
0.536504
0.303311
0.825803
0.078254
0.453259
0.921012
0.950155
0.420914
0.656171
0.517543
0.652235
0.590991
0.070920
0.470608
0.951316
0.173122
0.197294
0.849059
0.852240
0.178376
0.260438
0.642089
0.493431
0.235110
0.745994
0.502551
0.053484
0.881491
0.143215
0.509332
0.771184
0.679719
0.812642
0.596988
0.757974
0.265902
0.517999
0.708129
0.686815
0.174171
0.225672
0.339050
0.765162
0.296592
0.809658
0.716477
0.469714
0.006953
0.565536
0.321954
0.185329
0.825974
0.964043
0.678759
0.061084
0.710037
0.181311
0.114568
0.591528
0.324526
0.623900
0.362712
0.004245
0.436542
0.959699
0.762219
0.702444
0.477699
0.470348
0.389259
0.651869
0.696020
0.728309
0.417031
0.992611
0.537968
0.133508
0.462325
0.544921
0.699044
0.784279
0.730249
0.525019
0.748321
0.409009
0.586103
0.458358
0.590320
0.700671
0.049885
0.914845
0.324571
0.412597
0.919091
0.761113
0.372296
0.681310
0.463557
0.849995
0.151658
0.852816
0.501864
0.847677
0.581125
0.918895
0.840288
0.119093
0.052403
0.302613
0.664013
0.751448
0.086892
0.394262
0.276466
0.835213
0.803271
0.862569
0.293571
0.393591
0.563240
0.343456
0.308436
0.887811
0.756054
0.227527
0.648925
0.128350
0.908836
0.112482
0.978345
0.060494
0.965298
0.480209
0.908171
0.546423
0.399105
0.748459
0.665515
0.451508
0.051073
0.329528
0.202955
0.137965
0.723791
0.479422
0.973178
0.527062
0.341991
0.266749
0.920653
0.905231
0.610206
0.229089
0.793042
0.366259
0.456616
0.441967
0.494609
0.365452
0.554449
0.472955
0.425946
0.519747
0.953164
0.334117
0.066169
0.352269
0.082577
0.731685
0.803776
0.133650
0.061213
0.006732
0.271614
0.785004
0.486153
0.244792
0.312066
0.828144
0.511542
0.232719
0.733375
0.121747
0.461808
0.526418
0.488007
0.918424
0.968385
0.982616
0.283876
0.522834
0.455571
0.709823
0.042581
0.408735
0.043940
0.108750
0.761003
0.126517
0.840435
0.564779
0.260166
0.901648
0.571511
0.531781
0.686652
0.057664
0.776573
0.998717
0.885809
0.288115
0.231436
0.619184
0.409862
0.693244
0.145601
0.897869
0.611667
0.113986
0.880485
0.895544
0.636820
0.336056
0.605366
0.679401
0.744791
0.649306
0.788152
0.505794
0.775823
0.628587
0.070573
0.035989
0.530234
0.642084
0.567770
0.216886
0.699749
0.344343
0.215603
0.585557
0.632458
0.447039
0.204741
0.042320
0.140283
0.350342
0.940189
0.751950
0.464329
0.820674
0.647494
0.101149
0.156730
0.252860
0.780550
0.901521
0.902166
0.568702
0.407315
0.677989
0.197289
0.477888
0.713978
0.727523
0.119972
0.281748
0.944409
0.819721
0.626091
0.160012
0.405279
0.258549
0.607051
0.610020
0.300869
0.747334
0.960362
0.241058
0.499285
0.424691
0.061732
0.146779
0.525840
0.218462
0.399639
0.306391
0.119983
0.301805
0.875093
0.527298
0.979794
0.072381
0.005186
0.693773
0.799904
0.125158
0.975521
0.744313
0.944879
0.601612
0.904326
0.350158
0.860161
0.511377
0.960178
0.161029
0.258711
0.920540
0.402087
0.757996
0.345231
0.463819
0.904774
0.871071
0.682281
0.304413
0.177462
0.802264
0.606218
0.052555
0.329562
0.586012
0.124936
0.334747
0.279785
0.924841
0.459906
0.255306
0.669154
0.404785
0.856917
0.573480
0.754943
0.717078
0.084857
0.715121
0.878107
0.343568
0.635661
0.280194
0.101564
0.980892
0.744013
0.006338
0.851964
0.426294
0.310751
0.029426
0.228558
0.916969
0.081981
0.558119
0.502981
0.206917
0.892867
0.782766
0.131758
0.352772
0.038072
0.800912
0.757557
0.894989
0.374392
0.512500
0.612067
0.459249
0.227621
0.490174
0.802817
0.863282
0.770368
0.904381
0.844175
0.514381
0.910719
0.696138
0.940675
0.221471
0.725564
0.169233
0.138440
0.807545
0.727352
0.641421
0.014463
0.620219
0.424187
0.146221
0.972992
0.462259
0.947133
0.730549
0.357248
0.321526
0.243049
0.969315
0.780775
0.470670
0.459489
0.583592
0.333953
0.229858
0.487973
0.178127
0.744239
0.398692
0.874266
0.684914
0.620163
0.599830
0.854146
0.758603
0.407375
0.581499
0.400024
0.421837
0.201718
0.824212
0.568058
0.174709
0.286471
0.515191
0.905258
0.643719
0.836717
0.148307
0.613034
0.617492
0.618978
0.072524
0.201084
0.952931
0.302381
0.689057
0.131058
0.046620
0.087749
0.005324
0.731534
0.707912
0.605153
0.585680
0.466515
0.012528
0.167179
0.866539
0.434366
0.368897
0.690751
0.002424
0.543606
0.977221
0.517615
0.448864
0.620940
0.354332
0.597172
0.233975
0.971824
0.216150
0.306498
0.172908
0.169080
0.608879
0.861965
0.300138
0.655499
0.949714
0.305462
0.387033
0.657626
0.910615
0.972713
0.124142
0.923143
0.139892
0.990681
0.357509
0.508789
0.681432
0.359933
0.052395
0.658653
0.877548
0.501259
0.279594
0.231881
0.098431
0.513568
0.203705
0.314581
0.820067
0.376612
0.483661
0.428946
0.238577
0.783800
0.084445
0.188291
0.089262
0.471478
0.845918
0.999877
0.444191
0.970059
0.923020
0.584083
0.960740
0.280529
0.092872
0.642172
0.640462
0.145266
0.300825
0.518011
0.646526
0.580419
0.749891
0.744957
0.093987
0.953596
0.059538
0.914054
0.330208
0.543199
0.343000
0.568785
0.326999
0.427445
0.757076
0.416260
0.898924
0.602994
0.416137
0.343115
0.573053
0.339157
0.927198
0.533793
0.619686
0.020070
0.175965
0.260149
0.165337
0.476790
0.778159
0.811862
0.057209
0.528050
0.556819
0.151196
0.481646
0.616357
0.065250
0.811854
0.159556
0.408249
0.380639
0.486554
0.835695
0.137715
0.902814
0.734618
0.740708
0.318951
0.077733
0.313761
0.658109
0.004932
0.847554
0.277795
0.025002
0.023519
0.537944
0.190338
0.500309
0.316103
0.002200
0.557518
0.844153
0.559019
0.708714
0.325799
0.175376
0.773963
0.137653
0.334931
0.182213
0.518292
0.821485
0.017907
0.656007
0.724300
0.752525
0.396715
0.043251
0.830259
0.710476
0.701360
0.835190
0.558031
0.979155
0.860192
0.581550
0.517099
0.050530
0.081859
0.833202
0.052730
0.639377
0.677356
0.611749
0.348091
0.003155
0.787125
0.122055
0.140808
0.122056
0.304268
0.659100
0.943542
0.322175
0.315107
0.667842
0.074700
0.711822
0.711093
0.904959
0.422298
0.412453
0.740149
0.980329
0.391608
0.600341
0.561879
0.908708
0.650871
0.643739
0.741910
0.703601
0.283116
0.419266
0.315350
0.631208
0.422421
0.102475
0.753262
0.563229
0.224531
0.057530
0.222329
0.168073
0.379705
0.537436
0.835915
0.454405
0.249258
0.547008
0.359364
0.671557
0.959461
0.099514
0.651886
0.351069
0.699855
0.213765
0.259777
0.350726
0.857504
0.001687
0.054327
0.140620
0.420952
0.369677
0.771828
0.843373
0.472152
0.525090
0.406602
0.696684
0.582620
0.628931
0.864757
0.962325
0.166368
0.700672
0.416730
0.415626
0.247679
0.776095
0.087183
0.207140
0.875608
0.739068
0.558209
0.575463
0.952834
0.817986
0.926189
0.810338
0.819673
0.980516
0.950958
0.240625
0.350193
0.722786
0.083998
0.822346
0.247876
0.490600
0.519030
0.830496
0.119532
0.383787
0.792821
0.285899
0.084458
0.209552
0.701525
0.332138
0.985646
0.788708
0.539278
0.861255
0.527776
0.097487
0.436718
0.480610
0.915473
0.362907
0.290948
0.735146
0.343423
0.241906
0.975771
0.693617
0.964692
0.059768
0.515962
0.212568
0.550368
0.034992
0.043064
0.669900
0.418779
0.835886
0.955799
0.503237
0.045437
0.657324
0.835375
0.031084
0.446032
0.374652
0.892338
0.973808
0.472139
0.329057
0.454418
0.387613
0.691964
0.745365
0.122758
0.035387
0.987271
0.098529
0.729004
0.951963
0.158297
0.244966
0.164530
0.708666
0.279958
0.207595
0.378566
0.698737
0.043480
0.334365
0.201974
0.088918
0.991689
0.037349
0.120001
0.437721
0.412001
0.012340
0.411529
0.884141
0.341396
0.865947
0.271753
0.033360
0.611312
0.394511
0.068747
0.598583
0.493040
0.797751
0.550546
0.651337
0.042717
0.715076
0.360003
0.322675
0.922671
0.738568
0.021412
0.966151
0.072933
0.223386
0.055069
0.064622
0.260735
0.175070
0.502343
0.672736
0.187410
0.913872
0.556876
0.528806
0.779819
0.828629
0.562166
0.391131
0.223141
0.630913
0.989715
0.716181
0.428663
0.540260
0.367518
0.471380
0.255337
0.727521
0.794055
0.178008
0.466089
0.815467
0.144159
0.539022
0.038853
0.199227
0.603644
0.299588
0.374297
0.105987
0.972323
0.561706
0.019860
0.529200
0.090512
0.799679
0.357829
0.652678
0.190810
0.580970
0.283591
0.180525
0.297151
0.712254
0.720785
0.664668
0.183634
0.976122
0.392189
0.977688
0.154130
0.858278
0.793155
0.298288
0.397300
0.832008
0.497515
0.000944
0.131595
0.871812
0.106932
0.103919
0.433519
0.126791
0.633119
0.524031
0.926470
0.990948
0.176709
0.117281
0.571918
0.460299
0.297805
0.869068
0.172553
0.018591
0.533737
0.356186
0.994713
0.925926
0.333875
0.148843
0.784204
0.127030
0.447131
0.181504
0.959037
0.944646
0.182448
0.090633
0.816459
0.289379
0.194551
0.249977
0.416171
0.827670
0.774008
0.342641
0.818618
0.950717
0.459921
0.390536
0.411016
0.757727
0.259604
0.583569
0.776318
0.793341
0.939755
0.771030
0.719267
0.273630
0.919873
0.503470
0.400660
0.367004
0.684974
0.359697
0.311650
0.867422
0.450330
0.128109
0.156801
0.644881
0.378086
0.572972
0.472551
0.152094
0.915613
0.291169
0.102811
0.375534
0.681705
0.513827
0.133261
0.941308
0.097396
0.909578
0.734649
0.037152
0.680609
0.453916
0.310782
0.600482
0.957386
0.711442
0.967486
0.642361
0.071139
0.279136
0.509783
0.521468
0.407245
0.666584
0.166349
0.785331
0.239556
0.638901
0.937425
0.155168
0.930069
0.040237
0.530703
0.611774
0.554064
0.663964
0.553082
0.651460
0.573542
0.287732
0.688612
0.254151
0.741648
0.999394
0.854633
0.699034
0.710836
0.822118
0.341395
0.781974
0.101254
0.851177
0.303443
0.508499
0.517761
0.469792
0.293829
0.757317
0.108692
0.231255
0.912485
0.038762
0.271491
0.443188
0.650536
0.825555
0.107151
0.203618
0.477016
0.680693
0.491350
0.165628
0.934844
0.232998
0.165022
0.789477
0.932032
0.875858
0.611595
0.273427
0.657832
0.712849
0.124604
0.961274
0.221348
0.642365
0.431066
0.515177
0.399682
0.539759
0.746432
0.312167
0.578521
0.017923
0.755354
0.229056
0.843478
0.862506
0.432675
0.320494
0.543199
0.924024
0.486122
0.478043
0.157022
0.651144
0.267520
0.089054
0.527002
0.879115
0.362481
0.184834
0.591964
0.487085
0.146108
0.813312
0.129449
0.577174
0.328489
0.529131
0.116933
0.074921
0.841298
0.695453
0.092844
0.596652
0.924510
0.936323
0.459158
0.357184
0.256817
0.002357
0.281209
0.742939
0.480400
0.438231
0.394083
0.747920
0.527285
0.921085
0.627036
0.889766
0.105918
0.219000
0.376850
0.252026
0.032312
0.506299
0.829200
0.360801
0.035431
0.946133
0.435722
0.876728
0.641587
0.528567
0.473381
0.566096
0.464890
0.932539
0.923281
0.721706
0.934896
0.204489
0.464645
0.415296
0.642720
0.858728
0.163216
0.170005
0.779813
0.790252
0.059771
0.885731
0.009252
0.436621
0.137757
0.041564
0.942920
0.966958
0.402365
0.978351
0.913091
0.838088
0.855079
0.554678
0.366654
0.328460
0.120774
0.831544
0.260998
0.044055
0.553250
0.195894
0.248544
0.017896
0.611190
0.891264
0.876624
0.774406
0.061269
0.656437
0.564658
0.121040
0.542168
0.573910
0.557661
0.679926
0.615474
0.500581
0.646883
0.017839
0.478932
0.559974
0.855927
0.334011
0.114652
0.222581
0.662471
0.235426
0.054125
0.923469
0.279480
0.607375
0.119363
0.528024
0.625270
0.730553
0.419288
0.501894
0.504959
0.480558
0.158331
0.069617
0.601598
0.700499
0.643527
0.159259
0.380425
0.259001
0.659840
0.027308
0.276840
0.138771
0.587283
0.132766
0.472782
0.701934
0.355347
0.135253
0.937360
0.409472
0.058722
0.216841
0.016847
0.178085
0.744865
0.642117
0.908638
0.164153
0.144012
0.413596
0.644711
0.302343
0.483213
0.246309
0.002842
0.126740
0.405567
0.383267
0.385741
0.065407
0.410576
0.662580
0.204178
0.997858
0.795347
0.676961
0.699793
0.150694
0.812214
0.637153
0.560166
0.870936
0.853994
0.577013
0.049020
0.598858
0.219130
0.957658
0.763012
0.363142
0.371254
0.407723
0.665484
0.854467
0.654031
0.668327
0.981207
0.059599
0.051594
0.366948
0.125006
0.462169
0.029528
0.329184
0.460028
0.824875
0.006144
0.159820
0.975569
0.818358
0.796973
0.535735
0.689293
0.650967
0.112748
0.738314
0.249825
0.331878
0.695972
0.012837
0.695019
0.067226
0.420560
0.360504
0.921694
0.074591
0.028830
0.902901
0.134190
0.080424
0.269849
0.259196
0.542594
0.299377
0.588379
0.002621
0.124252
0.594524
0.162442
0.099821
0.412882
0.959415
0.635556
0.102175
0.610381
0.748303
0.840489
0.860207
0.080181
0.536461
0.873044
0.775201
0.603687
0.293603
0.135705
0.525381
0.368194
0.164535
0.428282
0.502384
0.244959
0.698131
0.761580
0.787553
0.997508
0.349959
0.790174
0.121760
0.944483
0.952616
0.221580
0.357365
0.912031
0.857136
0.459540
0.522412
0.605440
0.300029
0.382619
0.685621
0.836489
0.255662
0.460822
0.440177
0.549265
0.596526
0.965557
0.917460
0.761061
0.393839
0.419844
0.006021
0.091970
0.181424
0.793574
0.089477
0.531383
0.583748
0.211237
0.475865
0.536364
0.432817
0.833230
0.448395
0.289953
0.292770
0.970807
0.895393
0.592798
0.353426
0.581014
0.429288
0.609088
0.041835
0.869464
0.158353
0.638361
0.835022
0.075813
0.399422
0.228861
0.495657
0.405443
0.320830
0.677080
0.199017
0.410307
0.208463
0.782765
0.621544
0.684328
0.319129
0.054361
0.517558
0.767524
0.344314
0.810328
0.738331
0.239707
0.403126
0.091756
0.820720
0.832414
0.700844
0.862555
0.701878
0.859197
0.500916
0.536900
0.935010
0.900339
0.765760
0.430667
0.305782
0.086590
0.107747
0.504799
0.496898
0.316210
0.287563
0.118441
0.000538
0.606692
0.172802
0.518096
0.374216
0.517116
0.328424
0.112547
0.756823
0.731550
0.204303
0.577543
0.563964
0.905147
0.440098
0.265842
0.764344
0.941015
0.802742
0.699354
0.841354
0.568502
0.130021
0.147136
0.655092
0.237768
0.651934
0.151990
0.553977
0.939498
0.270431
0.554515
0.546190
0.443234
0.072611
0.920406
0.960350
0.401035
0.032953
0.717173
0.132585
0.237256
0.294716
0.696548
0.142403
0.734814
0.962390
0.906748
0.675829
0.765132
0.606102
0.517183
0.333634
0.736123
0.664318
0.988726
0.973890
0.316252
0.140716
0.527867
0.255750
0.411147
0.082382
0.801940
0.854381
0.154993
0.722347
0.814731
0.556028
0.755300
0.531904
0.688613
0.992556
0.826620
0.385161
0.134959
0.561434
0.347552
0.041707
0.237263
0.112684
0.647809
0.754445
0.446318
0.383931
0.418763
0.435044
0.357822
0.735016
0.575760
0.885689
0.990766
0.986907
0.968072
0.792706
0.841288
0.123065
0.515053
0.656019
0.679093
0.270353
0.187923
0.367706
0.262909
0.014543
0.752867
0.397868
0.575976
0.100419
0.439575
0.813239
0.213102
0.087383
0.567684
0.659420
0.471315
0.986448
0.094464
0.829136
0.721463
0.670224
0.714825
0.712229
0.657132
0.682897
0.504936
0.498420
0.805962
0.019989
0.154440
0.485055
0.290341
0.342363
0.852761
0.553250
0.356905
0.605627
0.951118
0.932882
0.706046
0.390693
0.746120
0.919148
0.478076
0.313805
0.578568
0.949391
0.300252
0.673033
0.778527
0.021716
0.343257
0.493353
0.733945
0.000389
0.176250
0.238881
0.498809
0.982212
0.258870
0.653249
0.467266
0.549211
0.995611
0.320027
0.102461
0.352516
0.925654
0.053579
0.285398
0.631700
0.444272
0.031518
0.550849
0.922348
0.345323
0.129417
0.871739
0.645575
0.802450
0.650266
0.667291
0.145706
0.143619
0.401236
0.146095
0.319869
0.640117
0.644904
0.302080
0.898987
0.298153
0.769347
0.448198
0.293764
0.089373
0.550659
0.646280
0.015028
0.604238
0.931678
0.646728
0.048510
0.963196
0.197576
0.970858
0.308519
0.326993
0.842597
0.954095
0.129443
0.492863
0.621386
0.275149
0.636482
0.022622
0.421245
0.956351
0.662739
0.066149
0.258431
0.561726
0.364302
0.027777
0.009924
0.658066
0.117151
0.560583
0.304346
0.132178
0.164821
0.236024
0.778906
0.213331
0.199220
0.976482
0.184189
0.507740
0.303476
0.026785
0.461834
0.432919
0.519648
0.083220
0.708068
0.156130
0.105842
0.129313
0.112481
0.768581
0.195462
0.370911
0.330307
0.559763
0.398689
0.340231
0.217829
0.515839
0.900814
0.522175
0.648017
0.065636
0.758199
0.426923
0.278966
0.957419
0.403406
0.463155
0.465159
0.706882
0.489940
0.926993
0.139800
0.009588
0.010213
0.847868
0.165718
0.116055
0.977181
0.278199
0.884637
0.172643
0.649110
0.214944
0.732406
0.047799
0.555175
0.950235
0.563638
0.455989
0.472410
0.211655
0.521625
0.230609
0.638579
0.800591
0.188028
0.041985
0.263746
0.653187
0.748866
0.753687
0.580181
0.888666
0.763275
0.590394
0.736535
0.928993
0.706450
0.713716
0.207192
0.591086
0.886359
0.856302
0.806030
0.618766
0.904100
0.361205
0.569001
0.467738
0.817194
0.041411
0.679394
0.338819
0.272020
0.317972
0.139411
0.460049
0.359957
0.403157
0.113236
0.108823
0.156844
0.693417
0.997489
0.920119
0.283811
0.734024
0.849112
0.990260
0.447741
0.056304
0.581346
0.334100
0.912606
0.387376
0.952865
0.816706
0.748581
0.521866
0.284444
0.565776
0.563278
0.963838
0.904595
0.835298
0.281810
0.044006
0.295347
0.641767
0.447163
0.408583
0.750590
0.604007
0.101999
0.748080
0.524126
0.385810
0.482104
0.373238
0.376070
0.929844
0.429542
0.957417
0.263944
0.342148
0.344793
0.216809
0.158854
0.093375
0.738676
0.443298
0.659150
0.301954
0.407136
0.563746
0.137252
0.688946
0.607752
0.432598
0.330713
0.054915
0.841181
0.081303
0.658923
0.943181
0.829383
0.183049
0.328991
0.311487
0.556287
0.705061
0.241331
0.985829
0.662478
0.505275
0.327977
0.007271
0.722085
0.486830
0.100645
0.460760
0.930128
0.759796
0.762714
0.337264
0.323542
0.899966
0.026210
0.931293
0.332564
0.356923
0.986209
0.173745
0.438227
0.645131
0.116926
0.267609
0.828180
0.445917
0.579096
0.384468
0.150977
0.820427
0.370297
0.813455
0.325702
0.698274
0.820726
0.047787
0.185104
0.921371
0.508547
0.115232
0.681167
0.271261
0.452496
0.004709
0.171227
0.478706
0.936002
0.503791
0.835630
0.922211
0.677536
0.273856
0.567342
0.794462
0.541466
0.395522
0.240379
0.120562
0.779990
0.391356
0.940989
0.150287
0.204811
0.266691
0.848561
0.025537
0.314478
0.033665
0.946909
0.823025
0.148897
0.628076
0.094286
0.601394
0.632785
0.265513
0.080100
0.568787
0.769304
0.915730
0.490998
0.446840
0.189586
0.058340
0.241303
0.731052
0.453862
0.481681
0.851614
0.233852
0.873037
0.792603
0.384139
0.077849
0.059294
0.232700
0.103386
0.373771
0.266365
0.050294
0.196796
0.415262
0.678370
0.291083
0.016656
0.311155
0.556596
0.096756
0.879942
0.325900
0.012486
0.370940
0.772740
0.202072
0.429280
0.014043
0.933124
0.883142
0.495724
0.784738
0.116994
0.368761
0.577341
0.501133
0.446610
0.636634
0.733833
0.549995
0.010406
0.000198
0.600290
0.207202
0.415461
0.278660
0.498285
0.432117
0.589816
0.054881
0.528873
0.469758
0.380780
0.541359
0.840698
0.153521
0.743431
0.269977
0.167563
0.676555
0.153119
0.663287
0.461293
0.270113
0.032048
0.038634
0.771246
0.478658
0.675268
0.505079
0.028653
0.685674
0.505278
0.628943
0.892876
0.920738
0.907603
0.391161
0.352855
0.497419
0.446041
0.881728
0.967177
0.826822
0.423087
0.807874
0.980342
0.166518
0.077852
0.147905
0.843074
0.230970
0.811192
0.304367
0.501083
0.843241
0.343001
0.272329
0.321898
0.018270
0.777409
0.350552
0.703944
0.282686
0.979495
0.596820
0.203425
0.887098
0.987981
0.556280
0.384517
0.434022
0.438008
0.351694
0.260844
0.861095
0.159568
0.241186
0.027614
0.237420
0.389092
0.870688
0.468390
0.200284
0.175055
0.969474
0.043525
0.518056
0.241803
0.365423
0.536326
0.019211
0.715975
0.240270
0.301898
0.695469
0.837090
0.505322
0.582567
0.825070
0.061602
0.967084
0.259092
0.499610
0.318778
0.519936
0.360706
0.478347
0.761122
0.388320
0.715767
0.150214
0.259007
0.184157
0.350498
0.434062
0.153631
0.394023
0.952119
0.395434
0.759446
0.488445
0.414645
0.475420
0.728715
0.716543
0.170890
0.565804
0.221865
0.753457
0.390875
0.283468
0.720541
0.649967
0.783078
0.039320
0.169903
0.143784
0.517666
0.931025
0.532104
0.233433
0.081239
0.791111
0.417590
0.431737
0.225174
0.571221
0.825760
0.177292
0.966655
0.585206
0.665737
0.381300
0.060626
0.394452
0.097843
0.231516
0.960256
0.319708
0.984973
0.351131
0.603176
0.705514
0.001098
0.386254
0.744834
0.171001
0.530038
0.262501
0.102026
0.062141
0.495934
0.183265
0.853252
0.913524
0.615003
0.078426
0.484745
0.440763
0.255718
0.451400
0.025968
0.921456
0.832700
0.086595
0.315908
0.930543
0.318111
0.276164
0.250251
0.303084
0.627295
0.853427
0.008598
0.628393
0.239681
0.753432
0.799394
0.769719
0.015933
0.901420
0.831860
0.511867
0.084685
0.685112
0.425391
0.699688
0.763538
0.910136
0.140450
0.019256
0.361536
0.166419
0.940712
0.194236
0.253014
0.256620
0.124779
0.571124
0.532784
0.375031
0.874208
0.160079
0.228458
0.882807
0.788472
0.468139
0.636239
0.587866
0.237857
0.652172
0.489286
0.069717
0.164039
0.573971
0.754830
0.589430
0.273659
0.518368
0.499566
0.414109
0.537624
0.861102
0.580528
0.478336
0.055338
0.833542
0.734956
0.180117
0.404666
0.267740
0.555148
0.278875
0.427820
0.783605
0.161681
0.216292
0.251744
0.797920
0.804158
0.489602
0.450092
0.293444
0.559319
0.614131
0.867415
0.314148
0.203560
0.141074
0.832516
0.703126
0.555183
0.370141
0.564228
0.135712
0.848477
0.619565
0.969254
0.583433
0.799682
0.373920
0.851174
0.354830
0.652795
0.278993
0.138436
0.814476
0.495285
0.390180
0.612396
0.299443
0.879781
0.062489
0.592887
0.439100
0.676620
0.460301
0.753248
0.880180
0.601375
0.585765
0.583306
0.156559
0.955905
0.147534
0.292270
0.804382
0.767099
0.261524
0.387816
0.566781
0.635444
0.238989
0.921611
0.288239
0.517983
0.060047
0.102716
0.013268
0.450227
0.715112
0.312711
0.330008
0.777601
0.905597
0.769108
0.454220
0.365899
0.522356
0.334400
0.967274
0.108121
0.917706
0.123832
0.064026
0.065240
0.416103
0.868409
0.832339
0.677627
0.256225
0.399120
0.313071
0.495214
0.320731
0.601311
0.013197
0.380778
0.704027
0.026464
0.831005
0.419139
0.339175
0.161013
0.196740
0.244772
0.930121
0.650960
0.610671
0.452477
0.985360
0.577944
0.560598
0.903067
0.701777
0.624624
0.968307
0.117879
0.493033
0.800646
0.795506
0.749258
0.199766
0.108578
0.244472
0.520497
0.709889
0.257669
0.901276
0.413915
0.284133
0.732281
0.833054
0.623308
0.893293
0.029794
0.868080
0.823414
0.680754
0.478750
0.275891
0.666114
0.056695
0.836489
0.569181
0.758471
0.461113
0.537488
0.876351
0.954147
0.338134
0.671857
0.703405
0.537899
0.780435
0.947876
0.058397
0.490324
0.205545
0.959673
0.904240
0.489678
0.691953
0.737294
0.112986
0.585246
0.767088
0.981066
0.408660
0.447841
0.459816
0.684551
0.113956
0.516511
0.521040
0.683137
0.274982
0.982153
0.220624
0.151333
0.936299
0.558758
0.823191
0.639704
0.096657
0.603626
0.587581
0.155054
0.093950
0.793126
0.114727
0.998189
0.282803
0.806680
0.735483
0.395789
0.391926
0.502571
0.376855
0.800586
0.950412
0.836671
0.485137
0.064368
0.353182
0.006177
0.747505
0.628164
0.988330
0.968129
0.779497
0.924629
0.526887
0.602688
0.564333
0.623544
0.206313
0.151914
0.778598
0.300263
0.945039
0.893325
0.298452
0.227843
0.700004
0.033936
0.623632
0.091931
0.536506
0.000487
0.892517
0.486919
0.837158
0.377654
0.551287
0.190339
0.383831
0.298791
0.818503
0.372161
0.266920
0.598000
0.296790
0.793807
0.200688
0.861123
0.417351
0.407001
0.013037
0.195949
0.707264
0.958076
0.089273
0.005716
0.185919
0.789278
0.039652
0.809551
0.881209
0.576158
0.810038
0.773725
0.063077
0.647195
0.151379
0.614364
0.837534
0.535210
0.913155
0.656037
0.907371
0.180075
0.254037
0.204161
0.973881
0.454725
0.065284
0.391232
0.861726
0.078321
0.587181
0.568990
0.036397
0.676454
0.574706
0.222316
0.465732
0.614358
0.031867
0.346941
0.190516
0.841905
0.120666
0.253593
0.489100
0.272046
0.867957
0.326634
0.807256
0.781111
0.982672
0.714627
0.961186
0.236709
0.918788
0.935067
0.691434
0.984072
0.326299
0.553160
0.062393
0.913480
0.122149
0.098790
0.589934
0.696855
0.321106
0.055666
0.311213
0.352974
0.402607
0.501729
0.194878
0.523273
0.755322
0.683978
0.795319
0.623279
0.010613
0.602575
0.404391
0.993285
0.317202
0.365577
0.229994
0.235990
